468
372
375
429
386
372
396
385
357
468
372
380
429
391
374
415
402
375
468
370
378
426
389
367
408
411
367
378
295
356
378
297
346
468
377
373
294
425
350
384
345
363
382
347
369
429
383
392
340
416
361
381
348
367
379
355
361
430
380
411
356
424
361
378
298
348
378
303
325
468
386
373
315
435
358
384
348
360
382
347
360
429
395
397
355
422
374
393
348
371
393
362
356
451
401
431
379
439
381
405
331
364
405
335
354
468
407
371
338
434
367
411
375
370
409
374
387
426
414
394
374
416
378
414
388
379
412
396
381
455
416
442
403
439
382
468
368
408
428
387
400
401
384
381
468
368
420
428
391
401
436
411
405
468
367
424
416
387
399
427
418
402
231
271
240
252
310
259
304
325
293
270
314
279
284
318
271
306
354
312
361
375
342
320
358
310
255
287
287
252
310
289
306
327
319
288
322
336
314
338
312
336
370
354
381
389
375
358
373
359
264
297
297
252
309
287
302
325
315
283
321
331
331
352
319
342
377
354
382
392
368
356
377
353
249
278
334
252
312
276
307
329
308
304
337
366
273
294
369
252
312
312
309
331
331
333
346
397
282
306
367
252
312
309
308
331
329
330
345
391
221
253
281
261
311
251
309
326
282
305
329
316
243
273
323
251
306
295
305
325
316
326
336
370
273
298
363
240
300
300
298
320
320
324
336
390
324
363
342
317
362
343
318
362
342
356
401
367
359
402
380
349
394
367
340
379
354
332
374
355
334
382
354
364
383
369
353
392
384
351
394
378
380
422
382
383
426
406
369
419
386
372
400
375
365
402
386
365
414
382
380
417
408
383
419
409
383
421
408
390
438
415
397
439
419
392
437
414
384
433
411
387
429
412
387
436
411
360
387
354
342
384
363
357
391
390
333
366
365
345
378
375
354
382
390
333
369
365
345
382
374
354
383
388
438
427
421
384
404
398
426
427
429
384
402
395
396
408
401
404
415
417
419
421
423
421
425
425
429
431
439
441
444
420
422
440
419
440
447
436
431
441
432
441
443
436
437
441
430
440
439
437
439
438
437
439
438
435
