0.02,2.92
0.02,2.31
0.02,2.4
0.02,2.95
0.02,2.36
0.02,2.42
0.02,3.0
0.02,2.8
0.02,2.42
0.02,2.97
0.02,2.78
0.02,2.4
0.02,2.95
0.02,2.8
0.02,2.42
0.02,3.0
2.0,2.0
2.0,2.0
2.0,2.0
2.0,2.47
2.0,2.47
2.0,2.47
2.0,2.47
2.0,2.47
2.0,2.47
0.02,2.44
0.02,2.44
0.02,2.44
0.02,2.47
0.02,2.47
0.02,2.47
0.02,2.47
0.02,2.47
0.02,2.47
0.02,2.49
0.02,2.49
0.02,2.49
0.02,2.47
0.02,2.47
0.02,2.47
0.02,2.47
0.02,2.47
0.02,2.47
2.0,2.0
2.0,2.0
2.0,2.0
2.0,1.75
2.0,1.75
2.0,1.75
2.0,2.33
2.0,2.33
2.0,2.33
0.02,1.8
0.02,1.8
0.02,1.8
0.02,1.75
0.02,1.75
0.02,1.75
0.02,2.33
0.02,2.33
0.02,2.33
0.02,2.25
0.02,2.25
0.02,2.25
0.02,1.75
0.02,1.75
0.02,1.75
0.02,2.33
0.02,2.33
0.02,2.33
2.0,2.0
2.0,2.0
2.0,2.0
2.0,4.87
2.0,4.87
2.0,4.87
2.0,4.92
2.0,4.92
2.0,4.92
0.02,4.84
0.02,4.84
0.02,4.84
0.02,4.87
0.02,4.87
0.02,4.87
0.02,4.92
0.02,4.92
0.02,4.92
0.02,4.89
0.02,4.89
0.02,4.89
0.02,4.87
0.02,4.87
0.02,4.87
0.02,4.92
0.02,4.92
0.02,4.92
2.0,2.0
2.0,2.0
2.0,2.0
2.0,2.47
2.0,2.47
2.0,2.47
2.0,2.47
2.0,2.47
2.0,2.47
0.02,2.44
0.02,2.44
0.02,2.44
0.02,2.47
0.02,2.47
0.02,2.47
0.02,2.47
0.02,2.47
0.02,2.47
0.02,2.49
0.02,2.49
0.02,2.49
0.02,2.47
0.02,2.47
0.02,2.47
0.02,2.47
0.02,2.47
0.02,2.47
2.0,2.0
2.0,2.0
2.0,2.0
2.0,1.75
2.0,1.75
2.0,1.75
2.0,2.33
2.0,2.33
2.0,2.33
0.02,1.8
0.02,1.8
0.02,1.8
0.02,1.75
0.02,1.75
0.02,1.75
0.02,2.33
0.02,2.33
0.02,2.33
0.02,2.25
0.02,2.25
0.02,2.25
0.02,1.75
0.02,1.75
0.02,1.75
0.02,2.33
0.02,2.33
0.02,2.33
2.0,2.0
2.0,2.0
2.0,2.0
2.0,3.27
2.0,3.27
2.0,3.27
2.0,3.32
2.0,3.32
2.0,3.32
0.02,3.24
0.02,3.24
0.02,3.24
0.02,3.27
0.02,3.27
0.02,3.27
0.02,3.32
0.02,3.32
0.02,3.32
0.02,3.29
0.02,3.29
0.02,3.29
0.02,3.27
0.02,3.27
0.02,3.27
0.02,3.32
0.02,3.32
0.02,3.32
2.0,2.0
2.0,2.0
2.0,2.0
2.0,2.47
2.0,2.47
2.0,2.47
2.0,2.47
2.0,2.47
2.0,2.47
0.02,2.44
0.02,2.44
0.02,2.44
0.02,2.47
0.02,2.47
0.02,2.47
0.02,2.47
0.02,2.47
0.02,2.47
0.02,2.49
0.02,2.49
0.02,2.49
0.02,2.47
0.02,2.47
0.02,2.47
0.02,2.47
0.02,2.47
0.02,2.47
2.0,2.0
2.0,2.0
2.0,2.0
2.0,1.0
2.0,1.0
2.0,1.0
2.0,2.33
2.0,2.33
2.0,2.33
1.0,1.34
1.0,1.34
1.0,1.34
1.0,1.0
1.0,1.0
1.0,1.0
1.0,2.33
1.0,2.33
1.0,2.33
0.68,2.25
0.68,2.25
0.68,2.25
0.68,1.0
0.68,1.0
0.68,1.0
0.68,2.33
0.68,2.33
0.68,2.33
2.0,2.0
2.0,2.0
2.0,2.0
2.0,1.0
2.0,1.0
2.0,1.0
2.0,2.04
2.0,2.36
2.0,3.0
1.0,1.34
1.0,1.34
1.0,1.34
1.0,1.0
1.0,1.0
1.0,1.0
1.0,2.26
1.0,2.36
1.0,3.0
0.68,2.8
0.68,2.28
0.68,2.97
0.68,1.0
0.68,1.0
0.68,1.0
0.68,2.8
0.68,2.36
0.68,3.0
2.0,2.0
2.0,2.0
2.0,2.0
2.0,1.0
2.0,1.0
2.0,1.0
2.0,2.47
2.0,2.47
2.0,2.47
1.0,1.34
1.0,1.34
1.0,1.34
1.0,1.0
1.0,1.0
1.0,1.0
1.0,2.47
1.0,2.47
1.0,2.47
0.68,2.49
0.68,2.49
0.68,2.49
0.68,1.0
0.68,1.0
0.68,1.0
0.68,2.47
0.68,2.47
0.68,2.47
2.0,2.0
2.0,2.0
2.0,2.0
2.0,1.0
2.0,1.0
2.0,1.0
2.0,2.33
2.0,2.33
2.0,2.33
1.0,1.34
1.0,1.34
1.0,1.34
1.0,1.0
1.0,1.0
1.0,1.0
1.0,2.33
1.0,2.33
1.0,2.33
0.68,2.25
0.68,2.25
0.68,2.25
0.68,1.0
0.68,1.0
0.68,1.0
0.68,2.33
0.68,2.33
0.68,2.33
2.0,2.0
2.0,2.0
2.0,2.0
2.0,1.0
2.0,1.0
2.0,1.0
2.0,4.92
2.0,4.92
2.0,4.92
1.0,1.34
1.0,1.34
1.0,1.34
1.0,1.0
1.0,1.0
1.0,1.0
1.0,4.92
1.0,4.92
1.0,4.92
0.68,4.89
0.68,4.89
0.68,4.89
0.68,1.0
0.68,1.0
0.68,1.0
0.68,4.92
0.68,4.92
0.68,4.92
2.0,2.0
2.0,2.0
2.0,2.0
2.0,1.0
2.0,1.0
2.0,1.0
2.0,2.47
2.0,2.47
2.0,2.47
1.0,1.34
1.0,1.34
1.0,1.34
1.0,1.0
1.0,1.0
1.0,1.0
1.0,2.47
1.0,2.47
1.0,2.47
0.68,2.49
0.68,2.49
0.68,2.49
0.68,1.0
0.68,1.0
0.68,1.0
0.68,2.47
0.68,2.47
0.68,2.47
2.0,2.0
2.0,2.0
2.0,2.0
2.0,1.0
2.0,1.0
2.0,1.0
2.0,2.33
2.0,2.33
2.0,2.33
1.0,1.34
1.0,1.34
1.0,1.34
1.0,1.0
1.0,1.0
1.0,1.0
1.0,2.33
1.0,2.33
1.0,2.33
0.68,2.25
0.68,2.25
0.68,2.25
0.68,1.0
0.68,1.0
0.68,1.0
0.68,2.33
0.68,2.33
0.68,2.33
2.0,2.0
2.0,2.0
2.0,2.0
2.0,1.0
2.0,1.0
2.0,1.0
2.0,3.32
2.0,3.32
2.0,3.32
1.0,1.34
1.0,1.34
1.0,1.34
1.0,1.0
1.0,1.0
1.0,1.0
1.0,3.32
1.0,3.32
1.0,3.32
0.68,3.29
0.68,3.29
0.68,3.29
0.68,1.0
0.68,1.0
0.68,1.0
0.68,3.32
0.68,3.32
0.68,3.32
2.0,2.0
2.0,2.0
2.0,2.0
2.0,1.0
2.0,1.0
2.0,1.0
2.0,2.47
2.0,2.47
2.0,2.47
1.0,1.34
1.0,1.34
1.0,1.34
1.0,1.0
1.0,1.0
1.0,1.0
1.0,2.47
1.0,2.47
1.0,2.47
0.68,2.49
0.68,2.49
0.68,2.49
0.68,1.0
0.68,1.0
0.68,1.0
0.68,2.47
0.68,2.47
0.68,2.47
2.0,2.0
2.0,2.0
2.0,2.0
2.0,2.01
2.0,2.33
2.0,2.33
2.0,2.33
2.0,2.33
2.0,2.33
0.02,2.25
0.02,2.33
0.02,2.28
0.02,2.25
0.02,2.33
0.02,2.33
0.02,2.33
0.02,2.33
0.02,2.33
0.02,2.25
0.02,2.25
0.02,2.25
0.02,2.26
0.02,2.33
0.02,2.33
0.02,2.33
0.02,2.33
0.02,2.33
2.0,2.0
2.0,2.0
2.0,2.0
2.0,2.01
2.0,2.33
2.0,2.97
2.0,2.04
2.0,2.36
2.0,3.0
0.02,2.25
0.02,2.33
0.02,2.97
0.02,2.25
0.02,2.33
0.02,2.97
0.02,2.28
0.02,2.36
0.02,3.0
0.02,2.8
0.02,2.33
0.02,2.97
0.02,2.77
0.02,2.33
0.02,2.97
0.02,2.8
0.02,2.36
0.02,3.0
2.0,2.0
2.0,2.0
2.0,2.0
2.0,2.01
2.0,2.33
2.0,2.49
2.0,2.47
2.0,2.47
2.0,2.47
0.02,2.25
0.02,2.33
0.02,2.46
0.02,2.25
0.02,2.33
0.02,2.49
0.02,2.47
0.02,2.47
0.02,2.47
0.02,2.49
0.02,2.49
0.02,2.49
0.02,2.46
0.02,2.33
0.02,2.49
0.02,2.47
0.02,2.47
0.02,2.47
2.0,2.0
2.0,2.0
2.0,2.0
2.0,4.92
2.0,4.92
2.0,4.92
2.0,2.33
2.0,2.33
2.0,2.33
0.02,4.89
0.02,4.89
0.02,4.89
0.02,4.92
0.02,4.92
0.02,4.92
0.02,2.33
0.02,2.33
0.02,2.33
0.02,2.25
0.02,2.25
0.02,2.25
0.02,4.92
0.02,4.92
0.02,4.92
0.02,2.33
0.02,2.33
0.02,2.33
2.0,2.0
2.0,2.0
2.0,2.0
2.0,4.92
2.0,4.92
2.0,4.92
2.0,4.92
2.0,4.92
2.0,4.92
0.02,4.89
0.02,4.89
0.02,4.89
0.02,4.92
0.02,4.92
0.02,4.92
0.02,4.92
0.02,4.92
0.02,4.92
0.02,4.89
0.02,4.89
0.02,4.89
0.02,4.92
0.02,4.92
0.02,4.92
0.02,4.92
0.02,4.92
0.02,4.92
2.0,2.0
2.0,2.0
2.0,2.0
2.0,4.92
2.0,4.92
2.0,4.92
2.0,2.47
2.0,2.47
2.0,2.47
0.02,4.89
0.02,4.89
0.02,4.89
0.02,4.92
0.02,4.92
0.02,4.92
0.02,2.47
0.02,2.47
0.02,2.47
0.02,2.49
0.02,2.49
0.02,2.49
0.02,4.92
0.02,4.92
0.02,4.92
0.02,2.47
0.02,2.47
0.02,2.47
2.0,2.0
2.0,2.0
2.0,2.0
2.0,2.4
2.0,2.4
2.0,2.4
2.0,2.33
2.0,2.33
2.0,2.33
0.02,2.33
0.02,2.33
0.02,2.33
0.02,2.4
0.02,2.4
0.02,2.4
0.02,2.33
0.02,2.33
0.02,2.33
0.02,2.25
0.02,2.25
0.02,2.25
0.02,2.4
0.02,2.4
0.02,2.4
0.02,2.33
0.02,2.33
0.02,2.33
2.0,2.0
2.0,2.0
2.0,2.0
2.0,3.27
2.0,3.27
2.0,3.27
2.0,3.32
2.0,3.32
2.0,3.32
0.02,3.29
0.02,3.29
0.02,3.29
0.02,3.27
0.02,3.27
0.02,3.27
0.02,3.32
0.02,3.32
0.02,3.32
0.02,3.29
0.02,3.29
0.02,3.29
0.02,3.27
0.02,3.27
0.02,3.27
0.02,3.32
0.02,3.32
0.02,3.32
2.0,2.0
2.0,2.0
2.0,2.0
2.0,2.47
2.0,2.47
2.0,2.47
2.0,2.47
2.0,2.47
2.0,2.47
0.02,2.49
0.02,2.49
0.02,2.49
0.02,2.47
0.02,2.47
0.02,2.47
0.02,2.47
0.02,2.47
0.02,2.47
0.02,2.49
0.02,2.49
0.02,2.49
0.02,2.47
0.02,2.47
0.02,2.47
0.02,2.47
0.02,2.47
0.02,2.47
2.0,2.0
2.0,2.0
2.0,2.0
2.0,1.75
2.0,1.75
2.0,1.75
2.0,2.33
2.0,2.33
2.0,2.33
0.02,1.8
0.02,1.8
0.02,1.8
0.02,1.75
0.02,1.75
0.02,1.75
0.02,2.33
0.02,2.33
0.02,2.33
0.02,2.25
0.02,2.25
0.02,2.25
0.02,1.75
0.02,1.75
0.02,1.75
0.02,2.33
0.02,2.33
0.02,2.33
2.0,2.0
2.0,2.0
2.0,2.0
2.0,2.02
2.0,2.4
2.0,2.95
2.0,2.04
2.0,2.42
2.0,3.0
0.02,2.28
0.02,2.37
0.02,2.92
0.02,2.31
0.02,2.4
0.02,2.95
0.02,2.36
0.02,2.42
0.02,3.0
0.02,2.8
0.02,2.42
0.02,2.97
0.02,2.78
0.02,2.4
0.02,2.95
0.02,2.8
0.02,2.42
0.02,3.0
2.0,2.0
2.0,2.0
2.0,2.0
2.0,2.47
2.0,2.47
2.0,2.47
2.0,2.47
2.0,2.47
2.0,2.47
0.02,2.44
0.02,2.44
0.02,2.44
0.02,2.47
0.02,2.47
0.02,2.47
0.02,2.47
0.02,2.47
0.02,2.47
0.02,2.49
0.02,2.49
0.02,2.49
0.02,2.47
0.02,2.47
0.02,2.47
0.02,2.47
0.02,2.47
0.02,2.47
2.0,2.0
2.0,2.0
2.0,2.0
2.0,1.75
2.0,1.75
2.0,1.75
2.0,2.33
2.0,2.33
2.0,2.33
0.02,1.8
0.02,1.8
0.02,1.8
0.02,1.75
0.02,1.75
0.02,1.75
0.02,2.33
0.02,2.33
0.02,2.33
0.02,2.25
0.02,2.25
0.02,2.25
0.02,1.75
0.02,1.75
0.02,1.75
0.02,2.33
0.02,2.33
0.02,2.33
2.0,2.0
2.0,2.0
2.0,2.0
2.0,4.87
2.0,4.87
2.0,4.87
2.0,4.92
2.0,4.92
2.0,4.92
0.02,4.84
0.02,4.84
0.02,4.84
0.02,4.87
0.02,4.87
0.02,4.87
0.02,4.92
0.02,4.92
0.02,4.92
0.02,4.89
0.02,4.89
0.02,4.89
0.02,4.87
0.02,4.87
0.02,4.87
0.02,4.92
0.02,4.92
0.02,4.92
2.0,2.0
2.0,2.0
2.0,2.0
2.0,2.47
2.0,2.47
2.0,2.47
2.0,2.47
2.0,2.47
2.0,2.47
0.02,2.44
0.02,2.44
0.02,2.44
0.02,2.47
0.02,2.47
0.02,2.47
0.02,2.47
0.02,2.47
0.02,2.47
0.02,2.49
0.02,2.49
0.02,2.49
0.02,2.47
0.02,2.47
0.02,2.47
0.02,2.47
0.02,2.47
0.02,2.47
2.0,2.0
2.0,2.0
2.0,2.0
2.0,1.75
2.0,1.75
2.0,1.75
2.0,2.33
2.0,2.33
2.0,2.33
0.02,1.8
0.02,1.8
0.02,1.8
0.02,1.75
0.02,1.75
0.02,1.75
0.02,2.33
0.02,2.33
0.02,2.33
0.02,2.25
0.02,2.25
0.02,2.25
0.02,1.75
0.02,1.75
0.02,1.75
0.02,2.33
0.02,2.33
0.02,2.33
2.0,2.0
2.0,2.0
2.0,2.0
2.0,3.27
2.0,3.27
2.0,3.27
2.0,3.32
2.0,3.32
2.0,3.32
0.02,3.24
0.02,3.24
0.02,3.24
0.02,3.27
0.02,3.27
0.02,3.27
0.02,3.32
0.02,3.32
0.02,3.32
0.02,3.29
0.02,3.29
0.02,3.29
0.02,3.27
0.02,3.27
0.02,3.27
0.02,3.32
0.02,3.32
0.02,3.32
2.0,2.0
2.0,2.0
2.0,2.0
2.0,2.47
2.0,2.47
2.0,2.47
2.0,2.47
2.0,2.47
2.0,2.47
0.02,2.44
0.02,2.44
0.02,2.44
0.02,2.47
0.02,2.47
0.02,2.47
0.02,2.47
0.02,2.47
0.02,2.47
0.02,2.49
0.02,2.49
0.02,2.49
0.02,2.47
0.02,2.47
0.02,2.47
0.02,2.47
0.02,2.47
0.02,2.47
2.0,2.0
2.0,2.0
2.0,2.0
2.0,1.0
2.0,1.0
2.0,1.0
2.0,2.33
2.0,2.33
2.0,2.33
1.0,1.34
1.0,1.34
1.0,1.34
1.0,1.0
1.0,1.0
1.0,1.0
1.0,2.33
1.0,2.33
1.0,2.33
0.68,2.25
0.68,2.25
0.68,2.25
0.68,1.0
0.68,1.0
0.68,1.0
0.68,2.33
0.68,2.33
0.68,2.33
2.0,2.0
2.0,2.0
2.0,2.0
2.0,1.0
2.0,1.0
2.0,1.0
2.0,2.04
2.0,2.36
2.0,3.0
1.0,1.34
1.0,1.34
1.0,1.34
1.0,1.0
1.0,1.0
1.0,1.0
1.0,2.26
1.0,2.36
1.0,3.0
0.68,2.8
0.68,2.28
0.68,2.97
0.68,1.0
0.68,1.0
0.68,1.0
0.68,2.8
0.68,2.36
0.68,3.0
2.0,2.0
2.0,2.0
2.0,2.0
2.0,1.0
2.0,1.0
2.0,1.0
2.0,2.05
2.0,2.4
2.0,3.0
1.0,1.34
1.0,1.34
1.0,1.34
1.0,1.0
1.0,1.0
1.0,1.0
1.0,2.35
1.0,2.4
1.0,3.0
0.68,2.81
0.68,2.37
0.68,2.94
0.68,1.0
0.68,1.0
0.68,1.0
0.68,2.79
0.68,2.4
0.68,3.0
2.0,2.0
2.0,2.0
2.0,2.0
2.0,1.0
2.0,1.0
2.0,1.0
2.0,2.33
2.0,2.33
2.0,2.33
1.0,1.34
1.0,1.34
1.0,1.34
1.0,1.0
1.0,1.0
1.0,1.0
1.0,2.33
1.0,2.33
1.0,2.33
0.68,2.25
0.68,2.25
0.68,2.25
0.68,1.0
0.68,1.0
0.68,1.0
0.68,2.33
0.68,2.33
0.68,2.33
2.0,2.0
2.0,2.0
2.0,2.0
2.0,1.0
2.0,1.0
2.0,1.0
2.0,4.92
2.0,4.92
2.0,4.92
1.0,1.34
1.0,1.34
1.0,1.34
1.0,1.0
1.0,1.0
1.0,1.0
1.0,4.92
1.0,4.92
1.0,4.92
0.68,4.89
0.68,4.89
0.68,4.89
0.68,1.0
0.68,1.0
0.68,1.0
0.68,4.92
0.68,4.92
0.68,4.92
2.0,2.0
2.0,2.0
2.0,2.0
2.0,1.0
2.0,1.0
2.0,1.0
2.0,2.05
2.0,2.4
2.0,3.0
1.0,1.34
1.0,1.34
1.0,1.34
1.0,1.0
1.0,1.0
1.0,1.0
1.0,2.35
1.0,2.4
1.0,3.0
0.68,2.81
0.68,2.37
0.68,2.94
0.68,1.0
0.68,1.0
0.68,1.0
0.68,2.79
0.68,2.4
0.68,3.0
2.0,2.0
2.0,2.0
2.0,2.0
2.0,1.0
2.0,1.0
2.0,1.0
2.0,2.33
2.0,2.33
2.0,2.33
1.0,1.34
1.0,1.34
1.0,1.34
1.0,1.0
1.0,1.0
1.0,1.0
1.0,2.33
1.0,2.33
1.0,2.33
0.68,2.25
0.68,2.25
0.68,2.25
0.68,1.0
0.68,1.0
0.68,1.0
0.68,2.33
0.68,2.33
0.68,2.33
2.0,2.0
2.0,2.0
2.0,2.0
2.0,1.0
2.0,1.0
2.0,1.0
2.0,3.32
2.0,3.32
2.0,3.32
1.0,1.34
1.0,1.34
1.0,1.34
1.0,1.0
1.0,1.0
1.0,1.0
1.0,3.32
1.0,3.32
1.0,3.32
0.68,3.29
0.68,3.29
0.68,3.29
0.68,1.0
0.68,1.0
0.68,1.0
0.68,3.32
0.68,3.32
0.68,3.32
2.0,2.0
2.0,2.0
2.0,2.0
2.0,1.0
2.0,1.0
2.0,1.0
2.0,2.05
2.0,2.4
2.0,3.0
1.0,1.34
1.0,1.34
1.0,1.34
1.0,1.0
1.0,1.0
1.0,1.0
1.0,2.35
1.0,2.4
1.0,3.0
0.68,2.81
0.68,2.37
0.68,2.94
0.68,1.0
0.68,1.0
0.68,1.0
0.68,2.79
0.68,2.4
0.68,3.0
2.0,2.0
2.0,2.0
2.0,2.0
2.0,2.01
2.0,2.33
2.0,2.33
2.0,2.33
2.0,2.33
2.0,2.33
0.02,2.25
0.02,2.33
0.02,2.28
0.02,2.25
0.02,2.33
0.02,2.33
0.02,2.33
0.02,2.33
0.02,2.33
0.02,2.25
0.02,2.25
0.02,2.25
0.02,2.26
0.02,2.33
0.02,2.33
0.02,2.33
0.02,2.33
0.02,2.33
2.0,2.0
2.0,2.0
2.0,2.0
2.0,2.01
2.0,2.33
2.0,2.97
2.0,2.04
2.0,2.36
2.0,3.0
0.02,2.25
0.02,2.33
0.02,2.97
0.02,2.25
0.02,2.33
0.02,2.97
0.02,2.28
0.02,2.36
0.02,3.0
0.02,2.8
0.02,2.33
0.02,2.97
0.02,2.77
0.02,2.33
0.02,2.97
0.02,2.8
0.02,2.36
0.02,3.0
2.0,2.0
2.0,2.0
2.0,2.0
2.0,2.01
2.0,2.33
2.0,2.94
2.0,2.05
2.0,2.34
2.0,3.0
0.02,2.25
0.02,2.33
0.02,2.96
0.02,2.25
0.02,2.33
0.02,2.94
0.02,2.26
0.02,2.34
0.02,3.0
0.02,2.81
0.02,2.36
0.02,2.94
0.02,2.81
0.02,2.33
0.02,2.94
0.02,2.79
0.02,2.34
0.02,3.0
2.0,2.0
2.0,2.0
2.0,2.0
2.0,4.92
2.0,4.92
2.0,4.92
2.0,2.33
2.0,2.33
2.0,2.33
0.02,4.89
0.02,4.89
0.02,4.89
0.02,4.92
0.02,4.92
0.02,4.92
0.02,2.33
0.02,2.33
0.02,2.33
0.02,2.25
0.02,2.25
0.02,2.25
0.02,4.92
0.02,4.92
0.02,4.92
0.02,2.33
0.02,2.33
0.02,2.33
2.0,2.0
2.0,2.0
2.0,2.0
2.0,4.92
2.0,4.92
2.0,4.92
2.0,4.92
2.0,4.92
2.0,4.92
0.02,4.89
0.02,4.89
0.02,4.89
0.02,4.92
0.02,4.92
0.02,4.92
0.02,4.92
0.02,4.92
0.02,4.92
0.02,4.89
0.02,4.89
0.02,4.89
0.02,4.92
0.02,4.92
0.02,4.92
0.02,4.92
0.02,4.92
0.02,4.92
2.0,2.0
2.0,2.0
2.0,2.0
2.0,4.92
2.0,4.92
2.0,4.92
2.0,2.05
2.0,4.82
2.0,3.0
0.02,4.89
0.02,4.89
0.02,4.89
0.02,4.92
0.02,4.92
0.02,4.92
0.02,4.79
0.02,4.82
0.02,3.0
0.02,2.81
0.02,4.79
0.02,2.94
0.02,4.92
0.02,4.92
0.02,4.92
0.02,2.79
0.02,4.82
0.02,3.0
2.0,2.0
2.0,2.0
2.0,2.0
2.0,2.4
2.0,2.4
2.0,2.4
2.0,2.33
2.0,2.33
2.0,2.33
0.02,2.33
0.02,2.33
0.02,2.33
0.02,2.4
0.02,2.4
0.02,2.4
0.02,2.33
0.02,2.33
0.02,2.33
0.02,2.25
0.02,2.25
0.02,2.25
0.02,2.4
0.02,2.4
0.02,2.4
0.02,2.33
0.02,2.33
0.02,2.33
2.0,2.0
2.0,2.0
2.0,2.0
2.0,3.27
2.0,3.27
2.0,3.27
2.0,3.32
2.0,3.32
2.0,3.32
0.02,3.29
0.02,3.29
0.02,3.29
0.02,3.27
0.02,3.27
0.02,3.27
0.02,3.32
0.02,3.32
0.02,3.32
0.02,3.29
0.02,3.29
0.02,3.29
0.02,3.27
0.02,3.27
0.02,3.27
0.02,3.32
0.02,3.32
0.02,3.32
2.0,2.0
2.0,2.0
2.0,2.0
2.0,2.06
2.0,2.82
2.0,2.97
2.0,2.05
2.0,2.82
2.0,3.0
0.02,2.73
0.02,2.84
0.02,2.94
0.02,2.71
0.02,2.82
0.02,2.97
0.02,2.71
0.02,2.82
0.02,3.0
0.02,2.81
0.02,2.84
0.02,2.94
0.02,2.79
0.02,2.82
0.02,2.97
0.02,2.79
0.02,2.82
0.02,3.0
2.0,2.0
2.0,2.0
2.0,2.0
2.0,2.02
2.0,2.5
2.0,2.4
2.0,2.33
2.0,2.33
2.0,2.33
0.02,2.4
0.02,2.44
0.02,2.32
0.02,2.4
0.02,2.5
0.02,2.4
0.02,2.33
0.02,2.33
0.02,2.33
0.02,2.25
0.02,2.25
0.02,2.25
0.02,2.38
0.02,2.5
0.02,2.4
0.02,2.33
0.02,2.33
0.02,2.33
2.0,2.0
2.0,2.0
2.0,2.0
2.0,2.02
2.0,2.5
2.0,2.98
2.0,2.04
2.0,2.52
2.0,3.0
0.02,2.4
0.02,2.44
0.02,2.95
0.02,2.4
0.02,2.5
0.02,2.98
0.02,2.42
0.02,2.52
0.02,3.0
0.02,2.8
0.02,2.46
0.02,2.97
0.02,2.78
0.02,2.5
0.02,2.98
0.02,2.8
0.02,2.52
0.02,3.0
2.0,2.0
2.0,2.0
2.0,2.0
2.0,2.02
2.0,2.5
2.0,2.97
2.0,2.05
2.0,2.47
2.0,3.0
0.02,2.4
0.02,2.44
0.02,2.97
0.02,2.4
0.02,2.5
0.02,2.97
0.02,2.43
0.02,2.47
0.02,3.0
0.02,2.81
0.02,2.49
0.02,2.94
0.02,2.82
0.02,2.5
0.02,2.97
0.02,2.79
0.02,2.47
0.02,3.0
2.0,2.0
2.0,2.0
2.0,2.0
2.0,2.02
2.0,2.5
2.0,2.4
2.0,2.33
2.0,2.33
2.0,2.33
0.02,2.4
0.02,2.44
0.02,2.32
0.02,2.4
0.02,2.5
0.02,2.4
0.02,2.33
0.02,2.33
0.02,2.33
0.02,2.25
0.02,2.25
0.02,2.25
0.02,2.38
0.02,2.5
0.02,2.4
0.02,2.33
0.02,2.33
0.02,2.33
2.0,2.0
2.0,2.0
2.0,2.0
2.0,2.02
2.0,2.5
2.0,4.82
2.0,4.92
2.0,4.92
2.0,4.92
0.02,2.4
0.02,2.44
0.02,4.79
0.02,2.4
0.02,2.5
0.02,4.82
0.02,4.92
0.02,4.92
0.02,4.92
0.02,4.89
0.02,4.89
0.02,4.89
0.02,4.79
0.02,2.5
0.02,4.82
0.02,4.92
0.02,4.92
0.02,4.92
2.0,2.0
2.0,2.0
2.0,2.0
2.0,2.02
2.0,2.5
2.0,2.97
2.0,2.05
2.0,2.47
2.0,3.0
0.02,2.4
0.02,2.44
0.02,2.97
0.02,2.4
0.02,2.5
0.02,2.97
0.02,2.43
0.02,2.47
0.02,3.0
0.02,2.81
0.02,2.49
0.02,2.94
0.02,2.82
0.02,2.5
0.02,2.97
0.02,2.79
0.02,2.47
0.02,3.0
2.0,2.0
2.0,2.0
2.0,2.0
2.0,2.02
2.0,2.5
2.0,2.4
2.0,2.33
2.0,2.33
2.0,2.33
0.02,2.4
0.02,2.44
0.02,2.32
0.02,2.4
0.02,2.5
0.02,2.4
0.02,2.33
0.02,2.33
0.02,2.33
0.02,2.25
0.02,2.25
0.02,2.25
0.02,2.38
0.02,2.5
0.02,2.4
0.02,2.33
0.02,2.33
0.02,2.33
2.0,2.0
2.0,2.0
2.0,2.0
2.0,2.02
2.0,2.5
2.0,3.27
2.0,3.32
2.0,3.32
2.0,3.32
0.02,2.4
0.02,2.44
0.02,3.24
0.02,2.4
0.02,2.5
0.02,3.27
0.02,3.32
0.02,3.32
0.02,3.32
0.02,3.29
0.02,3.29
0.02,3.29
0.02,3.24
0.02,2.5
0.02,3.27
0.02,3.32
0.02,3.32
0.02,3.32
2.0,2.0
2.0,2.0
2.0,2.0
2.0,2.02
2.0,2.5
2.0,2.97
2.0,2.05
2.0,2.47
2.0,3.0
0.02,2.4
0.02,2.44
0.02,2.97
0.02,2.4
0.02,2.5
0.02,2.97
0.02,2.43
0.02,2.47
0.02,3.0
0.02,2.81
0.02,2.49
0.02,2.94
0.02,2.82
0.02,2.5
0.02,2.97
0.02,2.79
0.02,2.47
0.02,3.0
2.0,2.0
2.0,2.0
2.0,2.0
2.0,1.0
2.0,1.0
2.0,1.0
2.0,2.33
2.0,2.33
2.0,2.33
1.0,1.34
1.0,1.34
1.0,1.34
1.0,1.0
1.0,1.0
1.0,1.0
1.0,2.33
1.0,2.33
1.0,2.33
0.68,2.25
0.68,2.25
0.68,2.25
0.68,1.0
0.68,1.0
0.68,1.0
0.68,2.33
0.68,2.33
0.68,2.33
2.0,2.0
2.0,2.0
2.0,2.0
2.0,1.0
2.0,1.0
2.0,1.0
2.0,2.04
2.0,2.36
2.0,3.0
1.0,1.34
1.0,1.34
1.0,1.34
1.0,1.0
1.0,1.0
1.0,1.0
1.0,2.26
1.0,2.36
1.0,3.0
0.68,2.8
0.68,2.28
0.68,2.97
0.68,1.0
0.68,1.0
0.68,1.0
0.68,2.8
0.68,2.36
0.68,3.0
2.0,2.0
2.0,2.0
2.0,2.0
2.0,1.0
2.0,1.0
2.0,1.0
2.0,4.23
2.0,4.23
2.0,4.23
1.0,1.34
1.0,1.34
1.0,1.34
1.0,1.0
1.0,1.0
1.0,1.0
1.0,4.23
1.0,4.23
1.0,4.23
0.68,4.25
0.68,4.25
0.68,4.25
0.68,1.0
0.68,1.0
0.68,1.0
0.68,4.23
0.68,4.23
0.68,4.23
2.0,2.0
2.0,2.0
2.0,2.0
2.0,1.0
2.0,1.0
2.0,1.0
2.0,2.33
2.0,2.33
2.0,2.33
1.0,1.34
1.0,1.34
1.0,1.34
1.0,1.0
1.0,1.0
1.0,1.0
1.0,2.33
1.0,2.33
1.0,2.33
0.68,2.25
0.68,2.25
0.68,2.25
0.68,1.0
0.68,1.0
0.68,1.0
0.68,2.33
0.68,2.33
0.68,2.33
2.0,2.0
2.0,2.0
2.0,2.0
2.0,1.0
2.0,1.0
2.0,1.0
2.0,4.92
2.0,4.92
2.0,4.92
1.0,1.34
1.0,1.34
1.0,1.34
1.0,1.0
1.0,1.0
1.0,1.0
1.0,4.92
1.0,4.92
1.0,4.92
0.68,4.89
0.68,4.89
0.68,4.89
0.68,1.0
0.68,1.0
0.68,1.0
0.68,4.92
0.68,4.92
0.68,4.92
2.0,2.0
2.0,2.0
2.0,2.0
2.0,1.0
2.0,1.0
2.0,1.0
2.0,4.23
2.0,4.23
2.0,4.23
1.0,1.34
1.0,1.34
1.0,1.34
1.0,1.0
1.0,1.0
1.0,1.0
1.0,4.23
1.0,4.23
1.0,4.23
0.68,4.25
0.68,4.25
0.68,4.25
0.68,1.0
0.68,1.0
0.68,1.0
0.68,4.23
0.68,4.23
0.68,4.23
2.0,2.0
2.0,2.0
2.0,2.0
2.0,1.0
2.0,1.0
2.0,1.0
2.0,2.33
2.0,2.33
2.0,2.33
1.0,1.34
1.0,1.34
1.0,1.34
1.0,1.0
1.0,1.0
1.0,1.0
1.0,2.33
1.0,2.33
1.0,2.33
0.68,2.25
0.68,2.25
0.68,2.25
0.68,1.0
0.68,1.0
0.68,1.0
0.68,2.33
0.68,2.33
0.68,2.33
2.0,2.0
2.0,2.0
2.0,2.0
2.0,1.0
2.0,1.0
2.0,1.0
2.0,3.32
2.0,3.32
2.0,3.32
1.0,1.34
1.0,1.34
1.0,1.34
1.0,1.0
1.0,1.0
1.0,1.0
1.0,3.32
1.0,3.32
1.0,3.32
0.68,3.29
0.68,3.29
0.68,3.29
0.68,1.0
0.68,1.0
0.68,1.0
0.68,3.32
0.68,3.32
0.68,3.32
2.0,2.0
2.0,2.0
2.0,2.0
2.0,1.0
2.0,1.0
2.0,1.0
2.0,4.23
2.0,4.23
2.0,4.23
1.0,1.34
1.0,1.34
1.0,1.34
1.0,1.0
1.0,1.0
1.0,1.0
1.0,4.23
1.0,4.23
1.0,4.23
0.68,4.25
0.68,4.25
0.68,4.25
0.68,1.0
0.68,1.0
0.68,1.0
0.68,4.23
0.68,4.23
0.68,4.23
2.0,2.0
2.0,2.0
2.0,2.0
2.0,2.01
2.0,2.33
2.0,2.33
2.0,2.33
2.0,2.33
2.0,2.33
0.02,2.25
0.02,2.33
0.02,2.28
0.02,2.25
0.02,2.33
0.02,2.33
0.02,2.33
0.02,2.33
0.02,2.33
0.02,2.25
0.02,2.25
0.02,2.25
0.02,2.26
0.02,2.33
0.02,2.33
0.02,2.33
0.02,2.33
0.02,2.33
2.0,2.0
2.0,2.0
2.0,2.0
2.0,2.01
2.0,2.33
2.0,2.97
2.0,2.04
2.0,2.36
2.0,3.0
0.02,2.25
0.02,2.33
0.02,2.97
0.02,2.25
0.02,2.33
0.02,2.97
0.02,2.28
0.02,2.36
0.02,3.0
0.02,2.8
0.02,2.33
0.02,2.97
0.02,2.77
0.02,2.33
0.02,2.97
0.02,2.8
0.02,2.36
0.02,3.0
2.0,2.0
2.0,2.0
2.0,2.0
2.0,2.01
2.0,2.33
2.0,4.17
2.0,4.23
2.0,4.23
2.0,4.23
0.02,2.25
0.02,2.33
0.02,4.19
0.02,2.25
0.02,2.33
0.02,4.17
0.02,4.23
0.02,4.23
0.02,4.23
0.02,4.25
0.02,4.25
0.02,4.25
0.02,4.19
0.02,2.33
0.02,4.17
0.02,4.23
0.02,4.23
0.02,4.23
2.0,2.0
2.0,2.0
2.0,2.0
2.0,4.92
2.0,4.92
2.0,4.92
2.0,2.33
2.0,2.33
2.0,2.33
0.02,4.89
0.02,4.89
0.02,4.89
0.02,4.92
0.02,4.92
0.02,4.92
0.02,2.33
0.02,2.33
0.02,2.33
0.02,2.25
0.02,2.25
0.02,2.25
0.02,4.92
0.02,4.92
0.02,4.92
0.02,2.33
0.02,2.33
0.02,2.33
2.0,2.0
2.0,2.0
2.0,2.0
2.0,4.92
2.0,4.92
2.0,4.92
2.0,4.92
2.0,4.92
2.0,4.92
0.02,4.89
0.02,4.89
0.02,4.89
0.02,4.92
0.02,4.92
0.02,4.92
0.02,4.92
0.02,4.92
0.02,4.92
0.02,4.89
0.02,4.89
0.02,4.89
0.02,4.92
0.02,4.92
0.02,4.92
0.02,4.92
0.02,4.92
0.02,4.92
2.0,2.0
2.0,2.0
2.0,2.0
2.0,4.92
2.0,4.92
2.0,4.92
2.0,4.23
2.0,4.23
2.0,4.23
0.02,4.89
0.02,4.89
0.02,4.89
0.02,4.92
0.02,4.92
0.02,4.92
0.02,4.23
0.02,4.23
0.02,4.23
0.02,4.25
0.02,4.25
0.02,4.25
0.02,4.92
0.02,4.92
0.02,4.92
0.02,4.23
0.02,4.23
0.02,4.23
2.0,2.0
2.0,2.0
2.0,2.0
2.0,2.4
2.0,2.4
2.0,2.4
2.0,2.33
2.0,2.33
2.0,2.33
0.02,2.33
0.02,2.33
0.02,2.33
0.02,2.4
0.02,2.4
0.02,2.4
0.02,2.33
0.02,2.33
0.02,2.33
0.02,2.25
0.02,2.25
0.02,2.25
0.02,2.4
0.02,2.4
0.02,2.4
0.02,2.33
0.02,2.33
0.02,2.33
2.0,2.0
2.0,2.0
2.0,2.0
2.0,3.27
2.0,3.27
2.0,3.27
2.0,3.32
2.0,3.32
2.0,3.32
0.02,3.29
0.02,3.29
0.02,3.29
0.02,3.27
0.02,3.27
0.02,3.27
0.02,3.32
0.02,3.32
0.02,3.32
0.02,3.29
0.02,3.29
0.02,3.29
0.02,3.27
0.02,3.27
0.02,3.27
0.02,3.32
0.02,3.32
0.02,3.32
2.0,2.0
2.0,2.0
2.0,2.0
2.0,4.23
2.0,4.23
2.0,4.23
2.0,4.23
2.0,4.23
2.0,4.23
0.02,4.17
0.02,4.17
0.02,4.17
0.02,4.23
0.02,4.23
0.02,4.23
0.02,4.23
0.02,4.23
0.02,4.23
0.02,4.25
0.02,4.25
0.02,4.25
0.02,4.23
0.02,4.23
0.02,4.23
0.02,4.23
0.02,4.23
0.02,4.23
2.0,2.0
2.0,2.0
2.0,2.0
2.0,3.0
2.0,3.0
2.0,3.0
2.0,2.33
2.0,2.33
2.0,2.33
0.02,2.76
0.02,2.76
0.02,2.76
0.02,3.0
0.02,3.0
0.02,3.0
0.02,2.33
0.02,2.33
0.02,2.33
0.02,2.25
0.02,2.25
0.02,2.25
0.02,3.0
0.02,3.0
0.02,3.0
0.02,2.33
0.02,2.33
0.02,2.33
2.0,2.0
2.0,2.0
2.0,2.0
2.0,2.08
2.0,3.3
2.0,2.98
2.0,2.04
2.0,3.32
2.0,3.0
0.02,3.12
0.02,3.24
0.02,3.0
0.02,3.1
0.02,3.3
0.02,2.98
0.02,3.1
0.02,3.32
0.02,3.0
0.02,2.8
0.02,3.29
0.02,2.97
0.02,2.81
0.02,3.3
0.02,2.98
0.02,2.8
0.02,3.32
0.02,3.0
2.0,2.0
2.0,2.0
2.0,2.0
2.0,4.26
2.0,4.26
2.0,4.26
2.0,4.23
2.0,4.23
2.0,4.23
0.02,4.2
0.02,4.2
0.02,4.2
0.02,4.26
0.02,4.26
0.02,4.26
0.02,4.23
0.02,4.23
0.02,4.23
0.02,4.25
0.02,4.25
0.02,4.25
0.02,4.26
0.02,4.26
0.02,4.26
0.02,4.23
0.02,4.23
0.02,4.23
2.0,2.0
2.0,2.0
2.0,2.0
2.0,3.0
2.0,3.0
2.0,3.0
2.0,2.33
2.0,2.33
2.0,2.33
0.02,2.76
0.02,2.76
0.02,2.76
0.02,3.0
0.02,3.0
0.02,3.0
0.02,2.33
0.02,2.33
0.02,2.33
0.02,2.25
0.02,2.25
0.02,2.25
0.02,3.0
0.02,3.0
0.02,3.0
0.02,2.33
0.02,2.33
0.02,2.33
2.0,2.0
2.0,2.0
2.0,2.0
2.0,4.9
2.0,4.9
2.0,4.9
2.0,4.92
2.0,4.92
2.0,4.92
0.02,4.87
0.02,4.87
0.02,4.87
0.02,4.9
0.02,4.9
0.02,4.9
0.02,4.92
0.02,4.92
0.02,4.92
0.02,4.89
0.02,4.89
0.02,4.89
0.02,4.9
0.02,4.9
0.02,4.9
0.02,4.92
0.02,4.92
0.02,4.92
2.0,2.0
2.0,2.0
2.0,2.0
2.0,4.26
2.0,4.26
2.0,4.26
2.0,4.23
2.0,4.23
2.0,4.23
0.02,4.2
0.02,4.2
0.02,4.2
0.02,4.26
0.02,4.26
0.02,4.26
0.02,4.23
0.02,4.23
0.02,4.23
0.02,4.25
0.02,4.25
0.02,4.25
0.02,4.26
0.02,4.26
0.02,4.26
0.02,4.23
0.02,4.23
0.02,4.23
2.0,2.0
2.0,2.0
2.0,2.0
2.0,3.0
2.0,3.0
2.0,3.0
2.0,2.33
2.0,2.33
2.0,2.33
0.02,2.76
0.02,2.76
0.02,2.76
0.02,3.0
0.02,3.0
0.02,3.0
0.02,2.33
0.02,2.33
0.02,2.33
0.02,2.25
0.02,2.25
0.02,2.25
0.02,3.0
0.02,3.0
0.02,3.0
0.02,2.33
0.02,2.33
0.02,2.33
2.0,2.0
2.0,2.0
2.0,2.0
2.0,3.3
2.0,3.3
2.0,3.3
2.0,3.32
2.0,3.32
2.0,3.32
0.02,3.32
0.02,3.32
0.02,3.32
0.02,3.3
0.02,3.3
0.02,3.3
0.02,3.32
0.02,3.32
0.02,3.32
0.02,3.29
0.02,3.29
0.02,3.29
0.02,3.3
0.02,3.3
0.02,3.3
0.02,3.32
0.02,3.32
0.02,3.32
2.0,2.0
2.0,2.0
2.0,2.0
2.0,4.26
2.0,4.26
2.0,4.26
2.0,4.23
2.0,4.23
2.0,4.23
0.02,4.2
0.02,4.2
0.02,4.2
0.02,4.26
0.02,4.26
0.02,4.26
0.02,4.23
0.02,4.23
0.02,4.23
0.02,4.25
0.02,4.25
0.02,4.25
0.02,4.26
0.02,4.26
0.02,4.26
0.02,4.23
0.02,4.23
0.02,4.23
2.0,2.0
2.0,2.0
2.0,2.0
2.0,1.0
2.0,1.0
2.0,1.0
2.0,2.33
2.0,2.33
2.0,2.33
1.0,1.34
1.0,1.34
1.0,1.34
1.0,1.0
1.0,1.0
1.0,1.0
1.0,2.33
1.0,2.33
1.0,2.33
0.68,2.25
0.68,2.25
0.68,2.25
0.68,1.0
0.68,1.0
0.68,1.0
0.68,2.33
0.68,2.33
0.68,2.33
2.0,2.0
2.0,2.0
2.0,2.0
2.0,1.0
2.0,1.0
2.0,1.0
2.0,2.04
2.0,2.36
2.0,3.0
1.0,1.34
1.0,1.34
1.0,1.34
1.0,1.0
1.0,1.0
1.0,1.0
1.0,2.26
1.0,2.36
1.0,3.0
0.68,2.8
0.68,2.28
0.68,2.97
0.68,1.0
0.68,1.0
0.68,1.0
0.68,2.8
0.68,2.36
0.68,3.0
2.0,2.0
2.0,2.0
2.0,2.0
2.0,1.0
2.0,1.0
2.0,1.0
2.0,7.75
2.0,7.75
2.0,7.75
1.0,1.34
1.0,1.34
1.0,1.34
1.0,1.0
1.0,1.0
1.0,1.0
1.0,7.75
1.0,7.75
1.0,7.75
0.68,7.69
0.68,7.69
0.68,7.69
0.68,1.0
0.68,1.0
0.68,1.0
0.68,7.75
0.68,7.75
0.68,7.75
2.0,2.0
2.0,2.0
2.0,2.0
2.0,1.0
2.0,1.0
2.0,1.0
2.0,2.33
2.0,2.33
2.0,2.33
1.0,1.34
1.0,1.34
1.0,1.34
1.0,1.0
1.0,1.0
1.0,1.0
1.0,2.33
1.0,2.33
1.0,2.33
0.68,2.25
0.68,2.25
0.68,2.25
0.68,1.0
0.68,1.0
0.68,1.0
0.68,2.33
0.68,2.33
0.68,2.33
2.0,2.0
2.0,2.0
2.0,2.0
2.0,1.0
2.0,1.0
2.0,1.0
2.0,4.92
2.0,4.92
2.0,4.92
1.0,1.34
1.0,1.34
1.0,1.34
1.0,1.0
1.0,1.0
1.0,1.0
1.0,4.92
1.0,4.92
1.0,4.92
0.68,4.89
0.68,4.89
0.68,4.89
0.68,1.0
0.68,1.0
0.68,1.0
0.68,4.92
0.68,4.92
0.68,4.92
2.0,2.0
2.0,2.0
2.0,2.0
2.0,1.0
2.0,1.0
2.0,1.0
2.0,7.75
2.0,7.75
2.0,7.75
1.0,1.34
1.0,1.34
1.0,1.34
1.0,1.0
1.0,1.0
1.0,1.0
1.0,7.75
1.0,7.75
1.0,7.75
0.68,7.69
0.68,7.69
0.68,7.69
0.68,1.0
0.68,1.0
0.68,1.0
0.68,7.75
0.68,7.75
0.68,7.75
2.0,2.0
2.0,2.0
2.0,2.0
2.0,1.0
2.0,1.0
2.0,1.0
2.0,2.33
2.0,2.33
2.0,2.33
1.0,1.34
1.0,1.34
1.0,1.34
1.0,1.0
1.0,1.0
1.0,1.0
1.0,2.33
1.0,2.33
1.0,2.33
0.68,2.25
0.68,2.25
0.68,2.25
0.68,1.0
0.68,1.0
0.68,1.0
0.68,2.33
0.68,2.33
0.68,2.33
2.0,2.0
2.0,2.0
2.0,2.0
2.0,1.0
2.0,1.0
2.0,1.0
2.0,3.32
2.0,3.32
2.0,3.32
1.0,1.34
1.0,1.34
1.0,1.34
1.0,1.0
1.0,1.0
1.0,1.0
1.0,3.32
1.0,3.32
1.0,3.32
0.68,3.29
0.68,3.29
0.68,3.29
0.68,1.0
0.68,1.0
0.68,1.0
0.68,3.32
0.68,3.32
0.68,3.32
2.0,2.0
2.0,2.0
2.0,2.0
2.0,1.0
2.0,1.0
2.0,1.0
2.0,7.75
2.0,7.75
2.0,7.75
1.0,1.34
1.0,1.34
1.0,1.34
1.0,1.0
1.0,1.0
1.0,1.0
1.0,7.75
1.0,7.75
1.0,7.75
0.68,7.69
0.68,7.69
0.68,7.69
0.68,1.0
0.68,1.0
0.68,1.0
0.68,7.75
0.68,7.75
0.68,7.75
2.0,2.0
2.0,2.0
2.0,2.0
2.0,2.01
2.0,2.33
2.0,2.33
2.0,2.33
2.0,2.33
2.0,2.33
0.02,2.25
0.02,2.33
0.02,2.28
0.02,2.25
0.02,2.33
0.02,2.33
0.02,2.33
0.02,2.33
0.02,2.33
0.02,2.25
0.02,2.25
0.02,2.25
0.02,2.26
0.02,2.33
0.02,2.33
0.02,2.33
0.02,2.33
0.02,2.33
2.0,2.0
2.0,2.0
2.0,2.0
2.0,2.01
2.0,2.33
2.0,2.97
2.0,2.04
2.0,2.36
2.0,3.0
0.02,2.25
0.02,2.33
0.02,2.97
0.02,2.25
0.02,2.33
0.02,2.97
0.02,2.28
0.02,2.36
0.02,3.0
0.02,2.8
0.02,2.33
0.02,2.97
0.02,2.77
0.02,2.33
0.02,2.97
0.02,2.8
0.02,2.36
0.02,3.0
2.0,2.0
2.0,2.0
2.0,2.0
2.0,2.01
2.0,2.33
2.0,7.58
2.0,7.75
2.0,7.75
2.0,7.75
0.02,2.25
0.02,2.33
0.02,7.52
0.02,2.25
0.02,2.33
0.02,7.58
0.02,7.75
0.02,7.75
0.02,7.75
0.02,7.69
0.02,7.69
0.02,7.69
0.02,7.52
0.02,2.33
0.02,7.58
0.02,7.75
0.02,7.75
0.02,7.75
2.0,2.0
2.0,2.0
2.0,2.0
2.0,4.92
2.0,4.92
2.0,4.92
2.0,2.33
2.0,2.33
2.0,2.33
0.02,4.89
0.02,4.89
0.02,4.89
0.02,4.92
0.02,4.92
0.02,4.92
0.02,2.33
0.02,2.33
0.02,2.33
0.02,2.25
0.02,2.25
0.02,2.25
0.02,4.92
0.02,4.92
0.02,4.92
0.02,2.33
0.02,2.33
0.02,2.33
2.0,2.0
2.0,2.0
2.0,2.0
2.0,4.92
2.0,4.92
2.0,4.92
2.0,4.92
2.0,4.92
2.0,4.92
0.02,4.89
0.02,4.89
0.02,4.89
0.02,4.92
0.02,4.92
0.02,4.92
0.02,4.92
0.02,4.92
0.02,4.92
0.02,4.89
0.02,4.89
0.02,4.89
0.02,4.92
0.02,4.92
0.02,4.92
0.02,4.92
0.02,4.92
0.02,4.92
2.0,2.0
2.0,2.0
2.0,2.0
2.0,4.92
2.0,4.92
2.0,4.92
2.0,7.75
2.0,7.75
2.0,7.75
0.02,4.89
0.02,4.89
0.02,4.89
0.02,4.92
0.02,4.92
0.02,4.92
0.02,7.75
0.02,7.75
0.02,7.75
0.02,7.69
0.02,7.69
0.02,7.69
0.02,4.92
0.02,4.92
0.02,4.92
0.02,7.75
0.02,7.75
0.02,7.75
2.0,2.0
2.0,2.0
2.0,2.0
2.0,2.4
2.0,2.4
2.0,2.4
2.0,2.33
2.0,2.33
2.0,2.33
0.02,2.33
0.02,2.33
0.02,2.33
0.02,2.4
0.02,2.4
0.02,2.4
0.02,2.33
0.02,2.33
0.02,2.33
0.02,2.25
0.02,2.25
0.02,2.25
0.02,2.4
0.02,2.4
0.02,2.4
0.02,2.33
0.02,2.33
0.02,2.33
2.0,2.0
2.0,2.0
2.0,2.0
2.0,3.27
2.0,3.27
2.0,3.27
2.0,3.32
2.0,3.32
2.0,3.32
0.02,3.29
0.02,3.29
0.02,3.29
0.02,3.27
0.02,3.27
0.02,3.27
0.02,3.32
0.02,3.32
0.02,3.32
0.02,3.29
0.02,3.29
0.02,3.29
0.02,3.27
0.02,3.27
0.02,3.27
0.02,3.32
0.02,3.32
0.02,3.32
2.0,2.0
2.0,2.0
2.0,2.0
2.0,7.64
2.0,7.64
2.0,7.64
2.0,7.75
2.0,7.75
2.0,7.75
0.02,7.58
0.02,7.58
0.02,7.58
0.02,7.64
0.02,7.64
0.02,7.64
0.02,7.75
0.02,7.75
0.02,7.75
0.02,7.69
0.02,7.69
0.02,7.69
0.02,7.64
0.02,7.64
0.02,7.64
0.02,7.75
0.02,7.75
0.02,7.75
2.0,2.0
2.0,2.0
2.0,2.0
2.0,7.78
2.0,7.78
2.0,7.78
2.0,2.33
2.0,2.33
2.0,2.33
0.02,7.72
0.02,7.72
0.02,7.72
0.02,7.78
0.02,7.78
0.02,7.78
0.02,2.33
0.02,2.33
0.02,2.33
0.02,2.25
0.02,2.25
0.02,2.25
0.02,7.78
0.02,7.78
0.02,7.78
0.02,2.33
0.02,2.33
0.02,2.33
2.0,2.0
2.0,2.0
2.0,2.0
2.0,7.78
2.0,7.78
2.0,7.78
2.0,2.04
2.0,7.58
2.0,3.0
0.02,7.72
0.02,7.72
0.02,7.72
0.02,7.78
0.02,7.78
0.02,7.78
0.02,7.52
0.02,7.58
0.02,3.0
0.02,2.8
0.02,7.52
0.02,2.97
0.02,7.78
0.02,7.78
0.02,7.78
0.02,2.8
0.02,7.58
0.02,3.0
2.0,2.0
2.0,2.0
2.0,2.0
2.0,7.78
2.0,7.78
2.0,7.78
2.0,7.75
2.0,7.75
2.0,7.75
0.02,7.72
0.02,7.72
0.02,7.72
0.02,7.78
0.02,7.78
0.02,7.78
0.02,7.75
0.02,7.75
0.02,7.75
0.02,7.69
0.02,7.69
0.02,7.69
0.02,7.78
0.02,7.78
0.02,7.78
0.02,7.75
0.02,7.75
0.02,7.75
2.0,2.0
2.0,2.0
2.0,2.0
2.0,7.78
2.0,7.78
2.0,7.78
2.0,2.33
2.0,2.33
2.0,2.33
0.02,7.72
0.02,7.72
0.02,7.72
0.02,7.78
0.02,7.78
0.02,7.78
0.02,2.33
0.02,2.33
0.02,2.33
0.02,2.25
0.02,2.25
0.02,2.25
0.02,7.78
0.02,7.78
0.02,7.78
0.02,2.33
0.02,2.33
0.02,2.33
2.0,2.0
2.0,2.0
2.0,2.0
2.0,7.78
2.0,7.78
2.0,7.78
2.0,4.92
2.0,4.92
2.0,4.92
0.02,7.72
0.02,7.72
0.02,7.72
0.02,7.78
0.02,7.78
0.02,7.78
0.02,4.92
0.02,4.92
0.02,4.92
0.02,4.89
0.02,4.89
0.02,4.89
0.02,7.78
0.02,7.78
0.02,7.78
0.02,4.92
0.02,4.92
0.02,4.92
2.0,2.0
2.0,2.0
2.0,2.0
2.0,7.78
2.0,7.78
2.0,7.78
2.0,7.75
2.0,7.75
2.0,7.75
0.02,7.72
0.02,7.72
0.02,7.72
0.02,7.78
0.02,7.78
0.02,7.78
0.02,7.75
0.02,7.75
0.02,7.75
0.02,7.69
0.02,7.69
0.02,7.69
0.02,7.78
0.02,7.78
0.02,7.78
0.02,7.75
0.02,7.75
0.02,7.75
2.0,2.0
2.0,2.0
2.0,2.0
2.0,7.78
2.0,7.78
2.0,7.78
2.0,2.33
2.0,2.33
2.0,2.33
0.02,7.72
0.02,7.72
0.02,7.72
0.02,7.78
0.02,7.78
0.02,7.78
0.02,2.33
0.02,2.33
0.02,2.33
0.02,2.25
0.02,2.25
0.02,2.25
0.02,7.78
0.02,7.78
0.02,7.78
0.02,2.33
0.02,2.33
0.02,2.33
2.0,2.0
2.0,2.0
2.0,2.0
2.0,7.78
2.0,7.78
2.0,7.78
2.0,3.32
2.0,3.32
2.0,3.32
0.02,7.72
0.02,7.72
0.02,7.72
0.02,7.78
0.02,7.78
0.02,7.78
0.02,3.32
0.02,3.32
0.02,3.32
0.02,3.29
0.02,3.29
0.02,3.29
0.02,7.78
0.02,7.78
0.02,7.78
0.02,3.32
0.02,3.32
0.02,3.32
2.0,2.0
2.0,2.0
2.0,2.0
2.0,7.78
2.0,7.78
2.0,7.78
2.0,7.75
2.0,7.75
2.0,7.75
0.02,7.72
0.02,7.72
0.02,7.72
0.02,7.78
0.02,7.78
0.02,7.78
0.02,7.75
0.02,7.75
0.02,7.75
0.02,7.69
0.02,7.69
0.02,7.69
0.02,7.78
0.02,7.78
0.02,7.78
0.02,7.75
0.02,7.75
0.02,7.75
2.0,2.0
2.0,2.0
2.0,2.0
2.0,1.0
2.0,1.0
2.0,1.0
2.0,2.04
2.0,2.4
2.0,3.32
1.0,1.34
1.0,1.34
1.0,1.34
1.0,1.0
1.0,1.0
1.0,1.0
1.0,2.36
1.0,2.4
1.0,3.32
0.02,3.0
0.02,2.36
0.02,3.32
0.02,1.0
0.02,1.0
0.02,1.0
0.02,3.0
0.02,2.4
0.02,3.32
2.0,2.0
2.0,2.0
2.0,2.0
2.0,1.0
2.0,1.0
2.0,1.0
2.0,2.04
2.0,2.4
2.0,3.32
1.0,1.34
1.0,1.34
1.0,1.34
1.0,1.0
1.0,1.0
1.0,1.0
1.0,2.36
1.0,2.4
1.0,3.32
0.02,3.0
0.02,2.36
0.02,3.32
0.02,1.0
0.02,1.0
0.02,1.0
0.02,3.0
0.02,2.4
0.02,3.32
2.0,2.0
2.0,2.0
2.0,2.0
2.0,1.0
2.0,1.0
2.0,1.0
2.0,2.04
2.0,2.4
2.0,3.32
1.0,1.34
1.0,1.34
1.0,1.34
1.0,1.0
1.0,1.0
1.0,1.0
1.0,2.36
1.0,2.4
1.0,3.32
0.02,3.0
0.02,2.36
0.02,3.32
0.02,1.0
0.02,1.0
0.02,1.0
0.02,3.0
0.02,2.4
0.02,3.32
2.0,2.0
2.0,2.0
2.0,2.0
2.0,1.0
2.0,1.0
2.0,1.0
2.0,2.04
2.0,2.4
2.0,3.32
1.0,1.34
1.0,1.34
1.0,1.34
1.0,1.0
1.0,1.0
1.0,1.0
1.0,2.36
1.0,2.4
1.0,3.32
0.02,3.0
0.02,2.36
0.02,3.32
0.02,1.0
0.02,1.0
0.02,1.0
0.02,3.0
0.02,2.4
0.02,3.32
2.0,2.0
2.0,2.0
2.0,2.0
2.0,1.0
2.0,1.0
2.0,1.0
2.0,2.04
2.0,2.4
2.0,3.32
1.0,1.34
1.0,1.34
1.0,1.34
1.0,1.0
1.0,1.0
1.0,1.0
1.0,2.36
1.0,2.4
1.0,3.32
0.02,3.0
0.02,2.36
0.02,3.32
0.02,1.0
0.02,1.0
0.02,1.0
0.02,3.0
0.02,2.4
0.02,3.32
2.0,2.0
2.0,2.0
2.0,2.0
2.0,1.0
2.0,1.0
2.0,1.0
2.0,2.04
2.0,2.4
2.0,3.32
1.0,1.34
1.0,1.34
1.0,1.34
1.0,1.0
1.0,1.0
1.0,1.0
1.0,2.36
1.0,2.4
1.0,3.32
0.02,3.0
0.02,2.36
0.02,3.32
0.02,1.0
0.02,1.0
0.02,1.0
0.02,3.0
0.02,2.4
0.02,3.32
2.0,2.0
2.0,2.0
2.0,2.0
2.0,1.0
2.0,1.0
2.0,1.0
2.0,2.04
2.0,2.4
2.0,3.32
1.0,1.34
1.0,1.34
1.0,1.34
1.0,1.0
1.0,1.0
1.0,1.0
1.0,2.36
1.0,2.4
1.0,3.32
0.02,3.0
0.02,2.36
0.02,3.32
0.02,1.0
0.02,1.0
0.02,1.0
0.02,3.0
0.02,2.4
0.02,3.32
2.0,2.0
2.0,2.0
2.0,2.0
2.0,1.0
2.0,1.0
2.0,1.0
2.0,2.04
2.0,2.4
2.0,3.32
1.0,1.34
1.0,1.34
1.0,1.34
1.0,1.0
1.0,1.0
1.0,1.0
1.0,2.36
1.0,2.4
1.0,3.32
0.02,3.0
0.02,2.36
0.02,3.32
0.02,1.0
0.02,1.0
0.02,1.0
0.02,3.0
0.02,2.4
0.02,3.32
2.0,2.0
2.0,2.0
2.0,2.0
2.0,1.0
2.0,1.0
2.0,1.0
2.0,2.04
2.0,2.4
2.0,3.32
1.0,1.34
1.0,1.34
1.0,1.34
1.0,1.0
1.0,1.0
1.0,1.0
1.0,2.36
1.0,2.4
1.0,3.32
0.02,3.0
0.02,2.36
0.02,3.32
0.02,1.0
0.02,1.0
0.02,1.0
0.02,3.0
0.02,2.4
0.02,3.32
2.0,2.0
2.0,2.0
2.0,2.0
2.0,2.01
2.0,2.33
2.0,3.29
2.0,2.04
2.0,2.36
2.0,3.32
0.02,2.25
0.02,2.33
0.02,3.29
0.02,2.25
0.02,2.33
0.02,3.29
0.02,2.28
0.02,2.36
0.02,3.32
0.02,3.0
0.02,2.36
0.02,3.32
0.02,2.97
0.02,2.33
0.02,3.29
0.02,3.0
0.02,2.36
0.02,3.32
2.0,2.0
2.0,2.0
2.0,2.0
2.0,2.01
2.0,2.33
2.0,3.29
2.0,2.04
2.0,2.36
2.0,3.32
0.02,2.25
0.02,2.33
0.02,3.29
0.02,2.25
0.02,2.33
0.02,3.29
0.02,2.28
0.02,2.36
0.02,3.32
0.02,3.0
0.02,2.36
0.02,3.32
0.02,2.97
0.02,2.33
0.02,3.29
0.02,3.0
0.02,2.36
0.02,3.32
2.0,2.0
2.0,2.0
2.0,2.0
2.0,2.01
2.0,2.33
2.0,3.29
2.0,2.04
2.0,2.36
2.0,3.32
0.02,2.25
0.02,2.33
0.02,3.29
0.02,2.25
0.02,2.33
0.02,3.29
0.02,2.28
0.02,2.36
0.02,3.32
0.02,3.0
0.02,2.36
0.02,3.32
0.02,2.97
0.02,2.33
0.02,3.29
0.02,3.0
0.02,2.36
0.02,3.32
2.0,2.0
2.0,2.0
2.0,2.0
2.0,4.92
2.0,4.92
2.0,4.92
2.0,2.04
2.0,4.87
2.0,3.32
0.02,4.89
0.02,4.89
0.02,4.89
0.02,4.92
0.02,4.92
0.02,4.92
0.02,4.84
0.02,4.87
0.02,3.32
0.02,3.0
0.02,4.84
0.02,3.32
0.02,4.92
0.02,4.92
0.02,4.92
0.02,3.0
0.02,4.87
0.02,3.32
2.0,2.0
2.0,2.0
2.0,2.0
2.0,4.92
2.0,4.92
2.0,4.92
2.0,2.04
2.0,4.87
2.0,3.32
0.02,4.89
0.02,4.89
0.02,4.89
0.02,4.92
0.02,4.92
0.02,4.92
0.02,4.84
0.02,4.87
0.02,3.32
0.02,3.0
0.02,4.84
0.02,3.32
0.02,4.92
0.02,4.92
0.02,4.92
0.02,3.0
0.02,4.87
0.02,3.32
2.0,2.0
2.0,2.0
2.0,2.0
2.0,4.92
2.0,4.92
2.0,4.92
2.0,2.04
2.0,4.87
2.0,3.32
0.02,4.89
0.02,4.89
0.02,4.89
0.02,4.92
0.02,4.92
0.02,4.92
0.02,4.84
0.02,4.87
0.02,3.32
0.02,3.0
0.02,4.84
0.02,3.32
0.02,4.92
0.02,4.92
0.02,4.92
0.02,3.0
0.02,4.87
0.02,3.32
2.0,2.0
2.0,2.0
2.0,2.0
2.0,2.05
2.0,3.0
2.0,3.27
2.0,2.04
2.0,2.97
2.0,3.32
0.02,2.81
0.02,2.94
0.02,3.29
0.02,2.79
0.02,3.0
0.02,3.27
0.02,2.84
0.02,2.97
0.02,3.32
0.02,3.0
0.02,2.99
0.02,3.32
0.02,2.95
0.02,3.0
0.02,3.27
0.02,3.0
0.02,2.97
0.02,3.32
2.0,2.0
2.0,2.0
2.0,2.0
2.0,2.05
2.0,3.0
2.0,3.27
2.0,2.04
2.0,2.97
2.0,3.32
0.02,2.81
0.02,2.94
0.02,3.29
0.02,2.79
0.02,3.0
0.02,3.27
0.02,2.84
0.02,2.97
0.02,3.32
0.02,3.0
0.02,2.99
0.02,3.32
0.02,2.95
0.02,3.0
0.02,3.27
0.02,3.0
0.02,2.97
0.02,3.32
2.0,2.0
2.0,2.0
2.0,2.0
2.0,2.05
2.0,3.0
2.0,3.27
2.0,2.04
2.0,2.97
2.0,3.32
0.02,2.81
0.02,2.94
0.02,3.29
0.02,2.79
0.02,3.0
0.02,3.27
0.02,2.84
0.02,2.97
0.02,3.32
0.02,3.0
0.02,2.99
0.02,3.32
0.02,2.95
0.02,3.0
0.02,3.27
0.02,3.0
0.02,2.97
0.02,3.32
2.0,2.0
2.0,2.0
2.0,2.0
2.0,1.96
2.0,0.68
2.0,3.24
2.0,2.04
2.0,0.76
2.0,3.32
0.02,1.0
0.02,0.68
0.02,3.24
0.02,1.0
0.02,0.68
0.02,3.24
0.02,1.08
0.02,0.76
0.02,3.32
0.02,3.0
0.02,0.76
0.02,3.32
0.02,2.92
0.02,0.68
0.02,3.24
0.02,3.0
0.02,0.76
0.02,3.32
2.0,2.0
2.0,2.0
2.0,2.0
2.0,1.96
2.0,0.68
2.0,3.24
2.0,2.04
2.0,0.76
2.0,3.32
0.02,1.0
0.02,0.68
0.02,3.24
0.02,1.0
0.02,0.68
0.02,3.24
0.02,1.08
0.02,0.76
0.02,3.32
0.02,3.0
0.02,0.76
0.02,3.32
0.02,2.92
0.02,0.68
0.02,3.24
0.02,3.0
0.02,0.76
0.02,3.32
2.0,2.0
2.0,2.0
2.0,2.0
2.0,1.96
2.0,0.68
2.0,3.24
2.0,2.04
2.0,0.76
2.0,3.32
0.02,1.0
0.02,0.68
0.02,3.24
0.02,1.0
0.02,0.68
0.02,3.24
0.02,1.08
0.02,0.76
0.02,3.32
0.02,3.0
0.02,0.76
0.02,3.32
0.02,2.92
0.02,0.68
0.02,3.24
0.02,3.0
0.02,0.76
0.02,3.32
2.0,2.0
2.0,2.0
2.0,2.0
2.0,1.96
2.0,0.68
2.0,3.24
2.0,2.04
2.0,0.76
2.0,3.32
0.02,1.0
0.02,0.68
0.02,3.24
0.02,1.0
0.02,0.68
0.02,3.24
0.02,1.08
0.02,0.76
0.02,3.32
0.02,3.0
0.02,0.76
0.02,3.32
0.02,2.92
0.02,0.68
0.02,3.24
0.02,3.0
0.02,0.76
0.02,3.32
2.0,2.0
2.0,2.0
2.0,2.0
2.0,1.96
2.0,0.68
2.0,3.24
2.0,2.04
2.0,0.76
2.0,3.32
0.02,1.0
0.02,0.68
0.02,3.24
0.02,1.0
0.02,0.68
0.02,3.24
0.02,1.08
0.02,0.76
0.02,3.32
0.02,3.0
0.02,0.76
0.02,3.32
0.02,2.92
0.02,0.68
0.02,3.24
0.02,3.0
0.02,0.76
0.02,3.32
2.0,2.0
2.0,2.0
2.0,2.0
2.0,1.96
2.0,0.68
2.0,3.24
2.0,2.04
2.0,0.76
2.0,3.32
0.02,1.0
0.02,0.68
0.02,3.24
0.02,1.0
0.02,0.68
0.02,3.24
0.02,1.08
0.02,0.76
0.02,3.32
0.02,3.0
0.02,0.76
0.02,3.32
0.02,2.92
0.02,0.68
0.02,3.24
0.02,3.0
0.02,0.76
0.02,3.32
2.0,2.0
2.0,2.0
2.0,2.0
2.0,1.96
2.0,0.68
2.0,3.24
2.0,2.04
2.0,0.76
2.0,3.32
0.02,1.0
0.02,0.68
0.02,3.24
0.02,1.0
0.02,0.68
0.02,3.24
0.02,1.08
0.02,0.76
0.02,3.32
0.02,3.0
0.02,0.76
0.02,3.32
0.02,2.92
0.02,0.68
0.02,3.24
0.02,3.0
0.02,0.76
0.02,3.32
2.0,2.0
2.0,2.0
2.0,2.0
2.0,1.96
2.0,0.68
2.0,3.24
2.0,2.04
2.0,0.76
2.0,3.32
0.02,1.0
0.02,0.68
0.02,3.24
0.02,1.0
0.02,0.68
0.02,3.24
0.02,1.08
0.02,0.76
0.02,3.32
0.02,3.0
0.02,0.76
0.02,3.32
0.02,2.92
0.02,0.68
0.02,3.24
0.02,3.0
0.02,0.76
0.02,3.32
2.0,2.0
2.0,2.0
2.0,2.0
2.0,1.96
2.0,0.68
2.0,3.24
2.0,2.04
2.0,0.76
2.0,3.32
0.02,1.0
0.02,0.68
0.02,3.24
0.02,1.0
0.02,0.68
0.02,3.24
0.02,1.08
0.02,0.76
0.02,3.32
0.02,3.0
0.02,0.76
0.02,3.32
0.02,2.92
0.02,0.68
0.02,3.24
0.02,3.0
0.02,0.76
0.02,3.32
2.0,2.0
2.0,2.0
2.0,2.0
2.0,1.0
2.0,1.0
2.0,1.0
2.0,3.75
2.0,3.75
2.0,3.75
1.0,1.34
1.0,1.34
1.0,1.34
1.0,1.0
1.0,1.0
1.0,1.0
1.0,3.75
1.0,3.75
1.0,3.75
0.02,3.4
0.02,3.4
0.02,3.4
0.02,1.0
0.02,1.0
0.02,1.0
0.02,3.75
0.02,3.75
0.02,3.75
2.0,2.0
2.0,2.0
2.0,2.0
2.0,1.0
2.0,1.0
2.0,1.0
2.0,2.1
2.0,3.1
2.0,4.0
1.0,1.34
1.0,1.34
1.0,1.34
1.0,1.0
1.0,1.0
1.0,1.0
1.0,3.03
1.0,3.1
1.0,4.0
0.02,3.64
0.02,3.0
0.02,3.97
0.02,1.0
0.02,1.0
0.02,1.0
0.02,3.67
0.02,3.1
0.02,4.0
2.0,2.0
2.0,2.0
2.0,2.0
2.0,1.0
2.0,1.0
2.0,1.0
2.0,2.05
2.0,2.4
2.0,3.0
1.0,1.34
1.0,1.34
1.0,1.34
1.0,1.0
1.0,1.0
1.0,1.0
1.0,2.43
1.0,2.4
1.0,3.0
0.02,2.84
0.02,2.4
0.02,3.02
0.02,1.0
0.02,1.0
0.02,1.0
0.02,2.87
0.02,2.4
0.02,3.0
2.0,2.0
2.0,2.0
2.0,2.0
2.0,1.0
2.0,1.0
2.0,1.0
2.0,3.75
2.0,3.75
2.0,3.75
1.0,1.34
1.0,1.34
1.0,1.34
1.0,1.0
1.0,1.0
1.0,1.0
1.0,3.75
1.0,3.75
1.0,3.75
0.02,3.4
0.02,3.4
0.02,3.4
0.02,1.0
0.02,1.0
0.02,1.0
0.02,3.75
0.02,3.75
0.02,3.75
2.0,2.0
2.0,2.0
2.0,2.0
2.0,1.0
2.0,1.0
2.0,1.0
2.0,4.95
2.0,4.95
2.0,4.95
1.0,1.34
1.0,1.34
1.0,1.34
1.0,1.0
1.0,1.0
1.0,1.0
1.0,4.95
1.0,4.95
1.0,4.95
0.02,4.92
0.02,4.92
0.02,4.92
0.02,1.0
0.02,1.0
0.02,1.0
0.02,4.95
0.02,4.95
0.02,4.95
2.0,2.0
2.0,2.0
2.0,2.0
2.0,1.0
2.0,1.0
2.0,1.0
2.0,2.05
2.0,2.4
2.0,3.0
1.0,1.34
1.0,1.34
1.0,1.34
1.0,1.0
1.0,1.0
1.0,1.0
1.0,2.43
1.0,2.4
1.0,3.0
0.02,2.84
0.02,2.4
0.02,3.02
0.02,1.0
0.02,1.0
0.02,1.0
0.02,2.87
0.02,2.4
0.02,3.0
2.0,2.0
2.0,2.0
2.0,2.0
2.0,1.0
2.0,1.0
2.0,1.0
2.0,3.75
2.0,3.75
2.0,3.75
1.0,1.34
1.0,1.34
1.0,1.34
1.0,1.0
1.0,1.0
1.0,1.0
1.0,3.75
1.0,3.75
1.0,3.75
0.02,3.4
0.02,3.4
0.02,3.4
0.02,1.0
0.02,1.0
0.02,1.0
0.02,3.75
0.02,3.75
0.02,3.75
2.0,2.0
2.0,2.0
2.0,2.0
2.0,1.0
2.0,1.0
2.0,1.0
2.0,4.47
2.0,4.47
2.0,4.47
1.0,1.34
1.0,1.34
1.0,1.34
1.0,1.0
1.0,1.0
1.0,1.0
1.0,4.47
1.0,4.47
1.0,4.47
0.02,4.44
0.02,4.44
0.02,4.44
0.02,1.0
0.02,1.0
0.02,1.0
0.02,4.47
0.02,4.47
0.02,4.47
2.0,2.0
2.0,2.0
2.0,2.0
2.0,1.0
2.0,1.0
2.0,1.0
2.0,2.05
2.0,2.4
2.0,3.0
1.0,1.34
1.0,1.34
1.0,1.34
1.0,1.0
1.0,1.0
1.0,1.0
1.0,2.43
1.0,2.4
1.0,3.0
0.02,2.84
0.02,2.4
0.02,3.02
0.02,1.0
0.02,1.0
0.02,1.0
0.02,2.87
0.02,2.4
0.02,3.0
2.0,2.0
2.0,2.0
2.0,2.0
2.0,2.01
2.0,2.33
2.0,3.1
2.0,3.75
2.0,3.75
2.0,3.75
0.02,2.25
0.02,2.33
0.02,2.97
0.02,2.25
0.02,2.33
0.02,3.1
0.02,3.75
0.02,3.75
0.02,3.75
0.02,3.4
0.02,3.4
0.02,3.4
0.02,2.97
0.02,2.33
0.02,3.1
0.02,3.75
0.02,3.75
0.02,3.75
2.0,2.0
2.0,2.0
2.0,2.0
2.0,2.01
2.0,2.33
2.0,3.89
2.0,2.1
2.0,2.39
2.0,4.0
0.02,2.25
0.02,2.33
0.02,3.91
0.02,2.25
0.02,2.33
0.02,3.89
0.02,2.31
0.02,2.39
0.02,4.0
0.02,3.64
0.02,2.41
0.02,3.97
0.02,3.61
0.02,2.33
0.02,3.89
0.02,3.67
0.02,2.39
0.02,4.0
2.0,2.0
2.0,2.0
2.0,2.0
2.0,2.01
2.0,2.33
2.0,2.94
2.0,2.05
2.0,2.34
2.0,3.0
0.02,2.25
0.02,2.33
0.02,2.96
0.02,2.25
0.02,2.33
0.02,2.94
0.02,2.26
0.02,2.34
0.02,3.0
0.02,2.84
0.02,2.36
0.02,3.02
0.02,2.81
0.02,2.33
0.02,2.94
0.02,2.87
0.02,2.34
0.02,3.0
2.0,2.0
2.0,2.0
2.0,2.0
2.0,4.92
2.0,4.92
2.0,4.92
2.0,3.75
2.0,3.75
2.0,3.75
0.02,4.89
0.02,4.89
0.02,4.89
0.02,4.92
0.02,4.92
0.02,4.92
0.02,3.75
0.02,3.75
0.02,3.75
0.02,3.4
0.02,3.4
0.02,3.4
0.02,4.92
0.02,4.92
0.02,4.92
0.02,3.75
0.02,3.75
0.02,3.75
2.0,2.0
2.0,2.0
2.0,2.0
2.0,4.92
2.0,4.92
2.0,4.92
2.0,4.95
2.0,4.95
2.0,4.95
0.02,4.89
0.02,4.89
0.02,4.89
0.02,4.92
0.02,4.92
0.02,4.92
0.02,4.95
0.02,4.95
0.02,4.95
0.02,4.92
0.02,4.92
0.02,4.92
0.02,4.92
0.02,4.92
0.02,4.92
0.02,4.95
0.02,4.95
0.02,4.95
2.0,2.0
2.0,2.0
2.0,2.0
2.0,4.92
2.0,4.92
2.0,4.92
2.0,2.05
2.0,4.82
2.0,3.0
0.02,4.89
0.02,4.89
0.02,4.89
0.02,4.92
0.02,4.92
0.02,4.92
0.02,4.79
0.02,4.82
0.02,3.0
0.02,2.84
0.02,4.79
0.02,3.02
0.02,4.92
0.02,4.92
0.02,4.92
0.02,2.87
0.02,4.82
0.02,3.0
2.0,2.0
2.0,2.0
2.0,2.0
2.0,3.27
2.0,3.27
2.0,3.27
2.0,3.75
2.0,3.75
2.0,3.75
0.02,3.12
0.02,3.12
0.02,3.12
0.02,3.27
0.02,3.27
0.02,3.27
0.02,3.75
0.02,3.75
0.02,3.75
0.02,3.4
0.02,3.4
0.02,3.4
0.02,3.27
0.02,3.27
0.02,3.27
0.02,3.75
0.02,3.75
0.02,3.75
2.0,2.0
2.0,2.0
2.0,2.0
2.0,4.39
2.0,4.39
2.0,4.39
2.0,4.47
2.0,4.47
2.0,4.47
0.02,4.41
0.02,4.41
0.02,4.41
0.02,4.39
0.02,4.39
0.02,4.39
0.02,4.47
0.02,4.47
0.02,4.47
0.02,4.44
0.02,4.44
0.02,4.44
0.02,4.39
0.02,4.39
0.02,4.39
0.02,4.47
0.02,4.47
0.02,4.47
2.0,2.0
2.0,2.0
2.0,2.0
2.0,2.06
2.0,2.82
2.0,3.0
2.0,2.05
2.0,2.82
2.0,3.0
0.02,2.73
0.02,2.84
0.02,2.94
0.02,2.71
0.02,2.82
0.02,3.0
0.02,2.79
0.02,2.82
0.02,3.0
0.02,2.84
0.02,2.84
0.02,3.02
0.02,2.79
0.02,2.82
0.02,3.0
0.02,2.87
0.02,2.82
0.02,3.0
2.0,2.0
2.0,2.0
2.0,2.0
2.0,1.96
2.0,0.68
2.0,2.4
2.0,3.75
2.0,3.75
2.0,3.75
0.02,1.0
0.02,0.68
0.02,2.32
0.02,1.0
0.02,0.68
0.02,2.4
0.02,3.75
0.02,3.75
0.02,3.75
0.02,3.4
0.02,3.4
0.02,3.4
0.02,2.32
0.02,0.68
0.02,2.4
0.02,3.75
0.02,3.75
0.02,3.75
2.0,2.0
2.0,2.0
2.0,2.0
2.0,1.96
2.0,0.68
2.0,3.84
2.0,2.1
2.0,0.84
2.0,4.0
0.02,1.0
0.02,0.68
0.02,3.86
0.02,1.0
0.02,0.68
0.02,3.84
0.02,1.16
0.02,0.84
0.02,4.0
0.02,3.64
0.02,0.86
0.02,3.97
0.02,3.56
0.02,0.68
0.02,3.84
0.02,3.67
0.02,0.84
0.02,4.0
2.0,2.0
2.0,2.0
2.0,2.0
2.0,1.96
2.0,0.68
2.0,2.89
2.0,2.05
2.0,0.79
2.0,3.0
0.02,1.0
0.02,0.68
0.02,2.91
0.02,1.0
0.02,0.68
0.02,2.89
0.02,1.11
0.02,0.79
0.02,3.0
0.02,2.84
0.02,0.81
0.02,3.02
0.02,2.76
0.02,0.68
0.02,2.89
0.02,2.87
0.02,0.79
0.02,3.0
2.0,2.0
2.0,2.0
2.0,2.0
2.0,1.96
2.0,0.68
2.0,2.4
2.0,3.75
2.0,3.75
2.0,3.75
0.02,1.0
0.02,0.68
0.02,2.32
0.02,1.0
0.02,0.68
0.02,2.4
0.02,3.75
0.02,3.75
0.02,3.75
0.02,3.4
0.02,3.4
0.02,3.4
0.02,2.32
0.02,0.68
0.02,2.4
0.02,3.75
0.02,3.75
0.02,3.75
2.0,2.0
2.0,2.0
2.0,2.0
2.0,1.96
2.0,0.68
2.0,4.82
2.0,4.95
2.0,4.95
2.0,4.95
0.02,1.0
0.02,0.68
0.02,4.79
0.02,1.0
0.02,0.68
0.02,4.82
0.02,4.95
0.02,4.95
0.02,4.95
0.02,4.92
0.02,4.92
0.02,4.92
0.02,4.79
0.02,0.68
0.02,4.82
0.02,4.95
0.02,4.95
0.02,4.95
2.0,2.0
2.0,2.0
2.0,2.0
2.0,1.96
2.0,0.68
2.0,2.89
2.0,2.05
2.0,0.79
2.0,3.0
0.02,1.0
0.02,0.68
0.02,2.91
0.02,1.0
0.02,0.68
0.02,2.89
0.02,1.11
0.02,0.79
0.02,3.0
0.02,2.84
0.02,0.81
0.02,3.02
0.02,2.76
0.02,0.68
0.02,2.89
0.02,2.87
0.02,0.79
0.02,3.0
2.0,2.0
2.0,2.0
2.0,2.0
2.0,1.96
2.0,0.68
2.0,2.4
2.0,3.75
2.0,3.75
2.0,3.75
0.02,1.0
0.02,0.68
0.02,2.32
0.02,1.0
0.02,0.68
0.02,2.4
0.02,3.75
0.02,3.75
0.02,3.75
0.02,3.4
0.02,3.4
0.02,3.4
0.02,2.32
0.02,0.68
0.02,2.4
0.02,3.75
0.02,3.75
0.02,3.75
2.0,2.0
2.0,2.0
2.0,2.0
2.0,1.96
2.0,0.68
2.0,4.36
2.0,4.47
2.0,4.47
2.0,4.47
0.02,1.0
0.02,0.68
0.02,4.33
0.02,1.0
0.02,0.68
0.02,4.36
0.02,4.47
0.02,4.47
0.02,4.47
0.02,4.44
0.02,4.44
0.02,4.44
0.02,4.33
0.02,0.68
0.02,4.36
0.02,4.47
0.02,4.47
0.02,4.47
2.0,2.0
2.0,2.0
2.0,2.0
2.0,1.96
2.0,0.68
2.0,2.89
2.0,2.05
2.0,0.79
2.0,3.0
0.02,1.0
0.02,0.68
0.02,2.91
0.02,1.0
0.02,0.68
0.02,2.89
0.02,1.11
0.02,0.79
0.02,3.0
0.02,2.84
0.02,0.81
0.02,3.02
0.02,2.76
0.02,0.68
0.02,2.89
0.02,2.87
0.02,0.79
0.02,3.0
2.0,2.0
2.0,2.0
2.0,2.0
2.0,1.0
2.0,1.0
2.0,1.0
2.0,7.86
2.0,7.86
2.0,7.86
1.0,1.34
1.0,1.34
1.0,1.34
1.0,1.0
1.0,1.0
1.0,1.0
1.0,7.86
1.0,7.86
1.0,7.86
0.02,7.8
0.02,7.8
0.02,7.8
0.02,1.0
0.02,1.0
0.02,1.0
0.02,7.86
0.02,7.86
0.02,7.86
2.0,2.0
2.0,2.0
2.0,2.0
2.0,1.0
2.0,1.0
2.0,1.0
2.0,7.86
2.0,7.86
2.0,7.86
1.0,1.34
1.0,1.34
1.0,1.34
1.0,1.0
1.0,1.0
1.0,1.0
1.0,7.86
1.0,7.86
1.0,7.86
0.02,7.8
0.02,7.8
0.02,7.8
0.02,1.0
0.02,1.0
0.02,1.0
0.02,7.86
0.02,7.86
0.02,7.86
2.0,2.0
2.0,2.0
2.0,2.0
2.0,1.0
2.0,1.0
2.0,1.0
2.0,7.86
2.0,7.86
2.0,7.86
1.0,1.34
1.0,1.34
1.0,1.34
1.0,1.0
1.0,1.0
1.0,1.0
1.0,7.86
1.0,7.86
1.0,7.86
0.02,7.8
0.02,7.8
0.02,7.8
0.02,1.0
0.02,1.0
0.02,1.0
0.02,7.86
0.02,7.86
0.02,7.86
2.0,2.0
2.0,2.0
2.0,2.0
2.0,1.0
2.0,1.0
2.0,1.0
2.0,7.86
2.0,7.86
2.0,7.86
1.0,1.34
1.0,1.34
1.0,1.34
1.0,1.0
1.0,1.0
1.0,1.0
1.0,7.86
1.0,7.86
1.0,7.86
0.02,7.8
0.02,7.8
0.02,7.8
0.02,1.0
0.02,1.0
0.02,1.0
0.02,7.86
0.02,7.86
0.02,7.86
2.0,2.0
2.0,2.0
2.0,2.0
2.0,1.0
2.0,1.0
2.0,1.0
2.0,7.86
2.0,7.86
2.0,7.86
1.0,1.34
1.0,1.34
1.0,1.34
1.0,1.0
1.0,1.0
1.0,1.0
1.0,7.86
1.0,7.86
1.0,7.86
0.02,7.8
0.02,7.8
0.02,7.8
0.02,1.0
0.02,1.0
0.02,1.0
0.02,7.86
0.02,7.86
0.02,7.86
2.0,2.0
2.0,2.0
2.0,2.0
2.0,1.0
2.0,1.0
2.0,1.0
2.0,7.86
2.0,7.86
2.0,7.86
1.0,1.34
1.0,1.34
1.0,1.34
1.0,1.0
1.0,1.0
1.0,1.0
1.0,7.86
1.0,7.86
1.0,7.86
0.02,7.8
0.02,7.8
0.02,7.8
0.02,1.0
0.02,1.0
0.02,1.0
0.02,7.86
0.02,7.86
0.02,7.86
2.0,2.0
2.0,2.0
2.0,2.0
2.0,1.0
2.0,1.0
2.0,1.0
2.0,7.86
2.0,7.86
2.0,7.86
1.0,1.34
1.0,1.34
1.0,1.34
1.0,1.0
1.0,1.0
1.0,1.0
1.0,7.86
1.0,7.86
1.0,7.86
0.02,7.8
0.02,7.8
0.02,7.8
0.02,1.0
0.02,1.0
0.02,1.0
0.02,7.86
0.02,7.86
0.02,7.86
2.0,2.0
2.0,2.0
2.0,2.0
2.0,1.0
2.0,1.0
2.0,1.0
2.0,7.86
2.0,7.86
2.0,7.86
1.0,1.34
1.0,1.34
1.0,1.34
1.0,1.0
1.0,1.0
1.0,1.0
1.0,7.86
1.0,7.86
1.0,7.86
0.02,7.8
0.02,7.8
0.02,7.8
0.02,1.0
0.02,1.0
0.02,1.0
0.02,7.86
0.02,7.86
0.02,7.86
2.0,2.0
2.0,2.0
2.0,2.0
2.0,1.0
2.0,1.0
2.0,1.0
2.0,7.86
2.0,7.86
2.0,7.86
1.0,1.34
1.0,1.34
1.0,1.34
1.0,1.0
1.0,1.0
1.0,1.0
1.0,7.86
1.0,7.86
1.0,7.86
0.02,7.8
0.02,7.8
0.02,7.8
0.02,1.0
0.02,1.0
0.02,1.0
0.02,7.86
0.02,7.86
0.02,7.86
2.0,2.0
2.0,2.0
2.0,2.0
2.0,2.01
2.0,2.33
2.0,7.69
2.0,7.86
2.0,7.86
2.0,7.86
0.02,2.25
0.02,2.33
0.02,7.63
0.02,2.25
0.02,2.33
0.02,7.69
0.02,7.86
0.02,7.86
0.02,7.86
0.02,7.8
0.02,7.8
0.02,7.8
0.02,7.63
0.02,2.33
0.02,7.69
0.02,7.86
0.02,7.86
0.02,7.86
2.0,2.0
2.0,2.0
2.0,2.0
2.0,2.01
2.0,2.33
2.0,7.69
2.0,7.86
2.0,7.86
2.0,7.86
0.02,2.25
0.02,2.33
0.02,7.63
0.02,2.25
0.02,2.33
0.02,7.69
0.02,7.86
0.02,7.86
0.02,7.86
0.02,7.8
0.02,7.8
0.02,7.8
0.02,7.63
0.02,2.33
0.02,7.69
0.02,7.86
0.02,7.86
0.02,7.86
2.0,2.0
2.0,2.0
2.0,2.0
2.0,2.01
2.0,2.33
2.0,7.69
2.0,7.86
2.0,7.86
2.0,7.86
0.02,2.25
0.02,2.33
0.02,7.63
0.02,2.25
0.02,2.33
0.02,7.69
0.02,7.86
0.02,7.86
0.02,7.86
0.02,7.8
0.02,7.8
0.02,7.8
0.02,7.63
0.02,2.33
0.02,7.69
0.02,7.86
0.02,7.86
0.02,7.86
2.0,2.0
2.0,2.0
2.0,2.0
2.0,4.92
2.0,4.92
2.0,4.92
2.0,7.86
2.0,7.86
2.0,7.86
0.02,4.89
0.02,4.89
0.02,4.89
0.02,4.92
0.02,4.92
0.02,4.92
0.02,7.86
0.02,7.86
0.02,7.86
0.02,7.8
0.02,7.8
0.02,7.8
0.02,4.92
0.02,4.92
0.02,4.92
0.02,7.86
0.02,7.86
0.02,7.86
2.0,2.0
2.0,2.0
2.0,2.0
2.0,4.92
2.0,4.92
2.0,4.92
2.0,7.86
2.0,7.86
2.0,7.86
0.02,4.89
0.02,4.89
0.02,4.89
0.02,4.92
0.02,4.92
0.02,4.92
0.02,7.86
0.02,7.86
0.02,7.86
0.02,7.8
0.02,7.8
0.02,7.8
0.02,4.92
0.02,4.92
0.02,4.92
0.02,7.86
0.02,7.86
0.02,7.86
2.0,2.0
2.0,2.0
2.0,2.0
2.0,4.92
2.0,4.92
2.0,4.92
2.0,7.86
2.0,7.86
2.0,7.86
0.02,4.89
0.02,4.89
0.02,4.89
0.02,4.92
0.02,4.92
0.02,4.92
0.02,7.86
0.02,7.86
0.02,7.86
0.02,7.8
0.02,7.8
0.02,7.8
0.02,4.92
0.02,4.92
0.02,4.92
0.02,7.86
0.02,7.86
0.02,7.86
2.0,2.0
2.0,2.0
2.0,2.0
2.0,7.75
2.0,7.75
2.0,7.75
2.0,7.86
2.0,7.86
2.0,7.86
0.02,7.69
0.02,7.69
0.02,7.69
0.02,7.75
0.02,7.75
0.02,7.75
0.02,7.86
0.02,7.86
0.02,7.86
0.02,7.8
0.02,7.8
0.02,7.8
0.02,7.75
0.02,7.75
0.02,7.75
0.02,7.86
0.02,7.86
0.02,7.86
2.0,2.0
2.0,2.0
2.0,2.0
2.0,7.75
2.0,7.75
2.0,7.75
2.0,7.86
2.0,7.86
2.0,7.86
0.02,7.69
0.02,7.69
0.02,7.69
0.02,7.75
0.02,7.75
0.02,7.75
0.02,7.86
0.02,7.86
0.02,7.86
0.02,7.8
0.02,7.8
0.02,7.8
0.02,7.75
0.02,7.75
0.02,7.75
0.02,7.86
0.02,7.86
0.02,7.86
2.0,2.0
2.0,2.0
2.0,2.0
2.0,7.75
2.0,7.75
2.0,7.75
2.0,7.86
2.0,7.86
2.0,7.86
0.02,7.69
0.02,7.69
0.02,7.69
0.02,7.75
0.02,7.75
0.02,7.75
0.02,7.86
0.02,7.86
0.02,7.86
0.02,7.8
0.02,7.8
0.02,7.8
0.02,7.75
0.02,7.75
0.02,7.75
0.02,7.86
0.02,7.86
0.02,7.86
2.0,2.0
2.0,2.0
2.0,2.0
2.0,1.96
2.0,0.68
2.0,7.64
2.0,7.86
2.0,7.86
2.0,7.86
0.02,1.0
0.02,0.68
0.02,7.58
0.02,1.0
0.02,0.68
0.02,7.64
0.02,7.86
0.02,7.86
0.02,7.86
0.02,7.8
0.02,7.8
0.02,7.8
0.02,7.58
0.02,0.68
0.02,7.64
0.02,7.86
0.02,7.86
0.02,7.86
2.0,2.0
2.0,2.0
2.0,2.0
2.0,1.96
2.0,0.68
2.0,7.64
2.0,7.86
2.0,7.86
2.0,7.86
0.02,1.0
0.02,0.68
0.02,7.58
0.02,1.0
0.02,0.68
0.02,7.64
0.02,7.86
0.02,7.86
0.02,7.86
0.02,7.8
0.02,7.8
0.02,7.8
0.02,7.58
0.02,0.68
0.02,7.64
0.02,7.86
0.02,7.86
0.02,7.86
2.0,2.0
2.0,2.0
2.0,2.0
2.0,1.96
2.0,0.68
2.0,7.64
2.0,7.86
2.0,7.86
2.0,7.86
0.02,1.0
0.02,0.68
0.02,7.58
0.02,1.0
0.02,0.68
0.02,7.64
0.02,7.86
0.02,7.86
0.02,7.86
0.02,7.8
0.02,7.8
0.02,7.8
0.02,7.58
0.02,0.68
0.02,7.64
0.02,7.86
0.02,7.86
0.02,7.86
2.0,2.0
2.0,2.0
2.0,2.0
2.0,1.96
2.0,0.68
2.0,7.64
2.0,7.86
2.0,7.86
2.0,7.86
0.02,1.0
0.02,0.68
0.02,7.58
0.02,1.0
0.02,0.68
0.02,7.64
0.02,7.86
0.02,7.86
0.02,7.86
0.02,7.8
0.02,7.8
0.02,7.8
0.02,7.58
0.02,0.68
0.02,7.64
0.02,7.86
0.02,7.86
0.02,7.86
2.0,2.0
2.0,2.0
2.0,2.0
2.0,1.96
2.0,0.68
2.0,7.64
2.0,7.86
2.0,7.86
2.0,7.86
0.02,1.0
0.02,0.68
0.02,7.58
0.02,1.0
0.02,0.68
0.02,7.64
0.02,7.86
0.02,7.86
0.02,7.86
0.02,7.8
0.02,7.8
0.02,7.8
0.02,7.58
0.02,0.68
0.02,7.64
0.02,7.86
0.02,7.86
0.02,7.86
2.0,2.0
2.0,2.0
2.0,2.0
2.0,1.96
2.0,0.68
2.0,7.64
2.0,7.86
2.0,7.86
2.0,7.86
0.02,1.0
0.02,0.68
0.02,7.58
0.02,1.0
0.02,0.68
0.02,7.64
0.02,7.86
0.02,7.86
0.02,7.86
0.02,7.8
0.02,7.8
0.02,7.8
0.02,7.58
0.02,0.68
0.02,7.64
0.02,7.86
0.02,7.86
0.02,7.86
2.0,2.0
2.0,2.0
2.0,2.0
2.0,1.96
2.0,0.68
2.0,7.64
2.0,7.86
2.0,7.86
2.0,7.86
0.02,1.0
0.02,0.68
0.02,7.58
0.02,1.0
0.02,0.68
0.02,7.64
0.02,7.86
0.02,7.86
0.02,7.86
0.02,7.8
0.02,7.8
0.02,7.8
0.02,7.58
0.02,0.68
0.02,7.64
0.02,7.86
0.02,7.86
0.02,7.86
2.0,2.0
2.0,2.0
2.0,2.0
2.0,1.96
2.0,0.68
2.0,7.64
2.0,7.86
2.0,7.86
2.0,7.86
0.02,1.0
0.02,0.68
0.02,7.58
0.02,1.0
0.02,0.68
0.02,7.64
0.02,7.86
0.02,7.86
0.02,7.86
0.02,7.8
0.02,7.8
0.02,7.8
0.02,7.58
0.02,0.68
0.02,7.64
0.02,7.86
0.02,7.86
0.02,7.86
2.0,2.0
2.0,2.0
2.0,2.0
2.0,1.96
2.0,0.68
2.0,7.64
2.0,7.86
2.0,7.86
2.0,7.86
0.02,1.0
0.02,0.68
0.02,7.58
0.02,1.0
0.02,0.68
0.02,7.64
0.02,7.86
0.02,7.86
0.02,7.86
0.02,7.8
0.02,7.8
0.02,7.8
0.02,7.58
0.02,0.68
0.02,7.64
0.02,7.86
0.02,7.86
0.02,7.86
2.0,2.0
2.0,2.0
2.0,2.0
2.0,1.0
2.0,1.0
2.0,1.0
2.0,2.04
2.0,2.4
2.0,3.32
1.0,1.34
1.0,1.34
1.0,1.34
1.0,1.0
1.0,1.0
1.0,1.0
1.0,2.36
1.0,2.4
1.0,3.32
0.02,3.0
0.02,2.36
0.02,3.32
0.02,1.0
0.02,1.0
0.02,1.0
0.02,3.0
0.02,2.4
0.02,3.32
2.0,2.0
2.0,2.0
2.0,2.0
2.0,1.0
2.0,1.0
2.0,1.0
2.0,2.04
2.0,2.4
2.0,3.32
1.0,1.34
1.0,1.34
1.0,1.34
1.0,1.0
1.0,1.0
1.0,1.0
1.0,2.36
1.0,2.4
1.0,3.32
0.02,3.0
0.02,2.36
0.02,3.32
0.02,1.0
0.02,1.0
0.02,1.0
0.02,3.0
0.02,2.4
0.02,3.32
2.0,2.0
2.0,2.0
2.0,2.0
2.0,1.0
2.0,1.0
2.0,1.0
2.0,2.04
2.0,2.4
2.0,3.32
1.0,1.34
1.0,1.34
1.0,1.34
1.0,1.0
1.0,1.0
1.0,1.0
1.0,2.36
1.0,2.4
1.0,3.32
0.02,3.0
0.02,2.36
0.02,3.32
0.02,1.0
0.02,1.0
0.02,1.0
0.02,3.0
0.02,2.4
0.02,3.32
2.0,2.0
2.0,2.0
2.0,2.0
2.0,1.0
2.0,1.0
2.0,1.0
2.0,2.04
2.0,2.4
2.0,3.32
1.0,1.34
1.0,1.34
1.0,1.34
1.0,1.0
1.0,1.0
1.0,1.0
1.0,2.36
1.0,2.4
1.0,3.32
0.02,3.0
0.02,2.36
0.02,3.32
0.02,1.0
0.02,1.0
0.02,1.0
0.02,3.0
0.02,2.4
0.02,3.32
2.0,2.0
2.0,2.0
2.0,2.0
2.0,1.0
2.0,1.0
2.0,1.0
2.0,2.04
2.0,2.4
2.0,3.32
1.0,1.34
1.0,1.34
1.0,1.34
1.0,1.0
1.0,1.0
1.0,1.0
1.0,2.36
1.0,2.4
1.0,3.32
0.02,3.0
0.02,2.36
0.02,3.32
0.02,1.0
0.02,1.0
0.02,1.0
0.02,3.0
0.02,2.4
0.02,3.32
2.0,2.0
2.0,2.0
2.0,2.0
2.0,1.0
2.0,1.0
2.0,1.0
2.0,2.04
2.0,2.4
2.0,3.32
1.0,1.34
1.0,1.34
1.0,1.34
1.0,1.0
1.0,1.0
1.0,1.0
1.0,2.36
1.0,2.4
1.0,3.32
0.02,3.0
0.02,2.36
0.02,3.32
0.02,1.0
0.02,1.0
0.02,1.0
0.02,3.0
0.02,2.4
0.02,3.32
2.0,2.0
2.0,2.0
2.0,2.0
2.0,1.0
2.0,1.0
2.0,1.0
2.0,2.04
2.0,2.4
2.0,3.32
1.0,1.34
1.0,1.34
1.0,1.34
1.0,1.0
1.0,1.0
1.0,1.0
1.0,2.36
1.0,2.4
1.0,3.32
0.02,3.0
0.02,2.36
0.02,3.32
0.02,1.0
0.02,1.0
0.02,1.0
0.02,3.0
0.02,2.4
0.02,3.32
2.0,2.0
2.0,2.0
2.0,2.0
2.0,1.0
2.0,1.0
2.0,1.0
2.0,2.04
2.0,2.4
2.0,3.32
1.0,1.34
1.0,1.34
1.0,1.34
1.0,1.0
1.0,1.0
1.0,1.0
1.0,2.36
1.0,2.4
1.0,3.32
0.02,3.0
0.02,2.36
0.02,3.32
0.02,1.0
0.02,1.0
0.02,1.0
0.02,3.0
0.02,2.4
0.02,3.32
2.0,2.0
2.0,2.0
2.0,2.0
2.0,1.0
2.0,1.0
2.0,1.0
2.0,2.04
2.0,2.4
2.0,3.32
1.0,1.34
1.0,1.34
1.0,1.34
1.0,1.0
1.0,1.0
1.0,1.0
1.0,2.36
1.0,2.4
1.0,3.32
0.02,3.0
0.02,2.36
0.02,3.32
0.02,1.0
0.02,1.0
0.02,1.0
0.02,3.0
0.02,2.4
0.02,3.32
2.0,2.0
2.0,2.0
2.0,2.0
2.0,2.01
2.0,2.33
2.0,3.29
2.0,2.04
2.0,2.36
2.0,3.32
0.02,2.25
0.02,2.33
0.02,3.29
0.02,2.25
0.02,2.33
0.02,3.29
0.02,2.28
0.02,2.36
0.02,3.32
0.02,3.0
0.02,2.36
0.02,3.32
0.02,2.97
0.02,2.33
0.02,3.29
0.02,3.0
0.02,2.36
0.02,3.32
2.0,2.0
2.0,2.0
2.0,2.0
2.0,2.01
2.0,2.33
2.0,3.29
2.0,2.04
2.0,2.36
2.0,3.32
0.02,2.25
0.02,2.33
0.02,3.29
0.02,2.25
0.02,2.33
0.02,3.29
0.02,2.28
0.02,2.36
0.02,3.32
0.02,3.0
0.02,2.36
0.02,3.32
0.02,2.97
0.02,2.33
0.02,3.29
0.02,3.0
0.02,2.36
0.02,3.32
2.0,2.0
2.0,2.0
2.0,2.0
2.0,2.01
2.0,2.33
2.0,3.29
2.0,2.04
2.0,2.36
2.0,3.32
0.02,2.25
0.02,2.33
0.02,3.29
0.02,2.25
0.02,2.33
0.02,3.29
0.02,2.28
0.02,2.36
0.02,3.32
0.02,3.0
0.02,2.36
0.02,3.32
0.02,2.97
0.02,2.33
0.02,3.29
0.02,3.0
0.02,2.36
0.02,3.32
2.0,2.0
2.0,2.0
2.0,2.0
2.0,4.92
2.0,4.92
2.0,4.92
2.0,2.04
2.0,4.87
2.0,3.32
0.02,4.89
0.02,4.89
0.02,4.89
0.02,4.92
0.02,4.92
0.02,4.92
0.02,4.84
0.02,4.87
0.02,3.32
0.02,3.0
0.02,4.84
0.02,3.32
0.02,4.92
0.02,4.92
0.02,4.92
0.02,3.0
0.02,4.87
0.02,3.32
2.0,2.0
2.0,2.0
2.0,2.0
2.0,4.92
2.0,4.92
2.0,4.92
2.0,2.04
2.0,4.87
2.0,3.32
0.02,4.89
0.02,4.89
0.02,4.89
0.02,4.92
0.02,4.92
0.02,4.92
0.02,4.84
0.02,4.87
0.02,3.32
0.02,3.0
0.02,4.84
0.02,3.32
0.02,4.92
0.02,4.92
0.02,4.92
0.02,3.0
0.02,4.87
0.02,3.32
2.0,2.0
2.0,2.0
2.0,2.0
2.0,4.92
2.0,4.92
2.0,4.92
2.0,2.04
2.0,4.87
2.0,3.32
0.02,4.89
0.02,4.89
0.02,4.89
0.02,4.92
0.02,4.92
0.02,4.92
0.02,4.84
0.02,4.87
0.02,3.32
0.02,3.0
0.02,4.84
0.02,3.32
0.02,4.92
0.02,4.92
0.02,4.92
0.02,3.0
0.02,4.87
0.02,3.32
2.0,2.0
2.0,2.0
2.0,2.0
2.0,2.05
2.0,3.0
2.0,3.27
2.0,2.04
2.0,2.97
2.0,3.32
0.02,2.81
0.02,2.94
0.02,3.29
0.02,2.79
0.02,3.0
0.02,3.27
0.02,2.84
0.02,2.97
0.02,3.32
0.02,3.0
0.02,2.99
0.02,3.32
0.02,2.95
0.02,3.0
0.02,3.27
0.02,3.0
0.02,2.97
0.02,3.32
2.0,2.0
2.0,2.0
2.0,2.0
2.0,2.05
2.0,3.0
2.0,3.27
2.0,2.04
2.0,2.97
2.0,3.32
0.02,2.81
0.02,2.94
0.02,3.29
0.02,2.79
0.02,3.0
0.02,3.27
0.02,2.84
0.02,2.97
0.02,3.32
0.02,3.0
0.02,2.99
0.02,3.32
0.02,2.95
0.02,3.0
0.02,3.27
0.02,3.0
0.02,2.97
0.02,3.32
2.0,2.0
2.0,2.0
2.0,2.0
2.0,2.05
2.0,3.0
2.0,3.27
2.0,2.04
2.0,2.97
2.0,3.32
0.02,2.81
0.02,2.94
0.02,3.29
0.02,2.79
0.02,3.0
0.02,3.27
0.02,2.84
0.02,2.97
0.02,3.32
0.02,3.0
0.02,2.99
0.02,3.32
0.02,2.95
0.02,3.0
0.02,3.27
0.02,3.0
0.02,2.97
0.02,3.32
2.0,2.0
2.0,2.0
2.0,2.0
2.0,1.75
2.0,1.75
2.0,1.75
2.0,2.04
2.0,2.4
2.0,3.32
0.02,1.8
0.02,1.8
0.02,1.8
0.02,1.75
0.02,1.75
0.02,1.75
0.02,2.4
0.02,2.4
0.02,3.32
0.02,3.0
0.02,2.4
0.02,3.32
0.02,1.75
0.02,1.75
0.02,1.75
0.02,3.0
0.02,2.4
0.02,3.32
2.0,2.0
2.0,2.0
2.0,2.0
2.0,2.02
2.0,2.4
2.0,3.24
2.0,2.04
2.0,2.4
2.0,3.32
0.02,2.28
0.02,2.37
0.02,3.26
0.02,2.31
0.02,2.4
0.02,3.24
0.02,2.36
0.02,2.4
0.02,3.32
0.02,3.0
0.02,2.42
0.02,3.32
0.02,2.92
0.02,2.4
0.02,3.24
0.02,3.0
0.02,2.4
0.02,3.32
2.0,2.0
2.0,2.0
2.0,2.0
2.0,2.47
2.0,2.47
2.0,2.47
2.0,2.04
2.0,2.47
2.0,3.32
0.02,2.44
0.02,2.44
0.02,2.44
0.02,2.47
0.02,2.47
0.02,2.47
0.02,2.49
0.02,2.47
0.02,3.32
0.02,3.0
0.02,2.49
0.02,3.32
0.02,2.47
0.02,2.47
0.02,2.47
0.02,3.0
0.02,2.47
0.02,3.32
2.0,2.0
2.0,2.0
2.0,2.0
2.0,1.75
2.0,1.75
2.0,1.75
2.0,2.04
2.0,2.4
2.0,3.32
0.02,1.8
0.02,1.8
0.02,1.8
0.02,1.75
0.02,1.75
0.02,1.75
0.02,2.4
0.02,2.4
0.02,3.32
0.02,3.0
0.02,2.4
0.02,3.32
0.02,1.75
0.02,1.75
0.02,1.75
0.02,3.0
0.02,2.4
0.02,3.32
2.0,2.0
2.0,2.0
2.0,2.0
2.0,4.87
2.0,4.87
2.0,4.87
2.0,2.04
2.0,4.82
2.0,3.32
0.02,4.84
0.02,4.84
0.02,4.84
0.02,4.87
0.02,4.87
0.02,4.87
0.02,4.79
0.02,4.82
0.02,3.32
0.02,3.0
0.02,4.79
0.02,3.32
0.02,4.87
0.02,4.87
0.02,4.87
0.02,3.0
0.02,4.82
0.02,3.32
2.0,2.0
2.0,2.0
2.0,2.0
2.0,2.47
2.0,2.47
2.0,2.47
2.0,2.04
2.0,2.47
2.0,3.32
0.02,2.44
0.02,2.44
0.02,2.44
0.02,2.47
0.02,2.47
0.02,2.47
0.02,2.49
0.02,2.47
0.02,3.32
0.02,3.0
0.02,2.49
0.02,3.32
0.02,2.47
0.02,2.47
0.02,2.47
0.02,3.0
0.02,2.47
0.02,3.32
2.0,2.0
2.0,2.0
2.0,2.0
2.0,1.75
2.0,1.75
2.0,1.75
2.0,2.04
2.0,2.4
2.0,3.32
0.02,1.8
0.02,1.8
0.02,1.8
0.02,1.75
0.02,1.75
0.02,1.75
0.02,2.4
0.02,2.4
0.02,3.32
0.02,3.0
0.02,2.4
0.02,3.32
0.02,1.75
0.02,1.75
0.02,1.75
0.02,3.0
0.02,2.4
0.02,3.32
2.0,2.0
2.0,2.0
2.0,2.0
2.0,2.06
2.0,2.82
2.0,3.3
2.0,2.04
2.0,2.82
2.0,3.32
0.02,2.68
0.02,2.84
0.02,3.24
0.02,2.71
0.02,2.82
0.02,3.3
0.02,2.76
0.02,2.82
0.02,3.32
0.02,3.0
0.02,2.84
0.02,3.32
0.02,2.98
0.02,2.82
0.02,3.3
0.02,3.0
0.02,2.82
0.02,3.32
2.0,2.0
2.0,2.0
2.0,2.0
2.0,2.47
2.0,2.47
2.0,2.47
2.0,2.04
2.0,2.47
2.0,3.32
0.02,2.44
0.02,2.44
0.02,2.44
0.02,2.47
0.02,2.47
0.02,2.47
0.02,2.49
0.02,2.47
0.02,3.32
0.02,3.0
0.02,2.49
0.02,3.32
0.02,2.47
0.02,2.47
0.02,2.47
0.02,3.0
0.02,2.47
0.02,3.32
2.0,2.0
2.0,2.0
2.0,2.0
2.0,1.0
2.0,1.0
2.0,1.0
2.0,3.75
2.0,3.75
2.0,3.75
1.0,1.34
1.0,1.34
1.0,1.34
1.0,1.0
1.0,1.0
1.0,1.0
1.0,3.75
1.0,3.75
1.0,3.75
0.02,3.4
0.02,3.4
0.02,3.4
0.02,1.0
0.02,1.0
0.02,1.0
0.02,3.75
0.02,3.75
0.02,3.75
2.0,2.0
2.0,2.0
2.0,2.0
2.0,1.0
2.0,1.0
2.0,1.0
2.0,2.1
2.0,3.1
2.0,4.0
1.0,1.34
1.0,1.34
1.0,1.34
1.0,1.0
1.0,1.0
1.0,1.0
1.0,3.03
1.0,3.1
1.0,4.0
0.02,3.64
0.02,3.0
0.02,3.97
0.02,1.0
0.02,1.0
0.02,1.0
0.02,3.67
0.02,3.1
0.02,4.0
2.0,2.0
2.0,2.0
2.0,2.0
2.0,1.0
2.0,1.0
2.0,1.0
2.0,2.55
2.0,2.55
2.0,2.55
1.0,1.34
1.0,1.34
1.0,1.34
1.0,1.0
1.0,1.0
1.0,1.0
1.0,2.55
1.0,2.55
1.0,2.55
0.02,2.52
0.02,2.52
0.02,2.52
0.02,1.0
0.02,1.0
0.02,1.0
0.02,2.55
0.02,2.55
0.02,2.55
2.0,2.0
2.0,2.0
2.0,2.0
2.0,1.0
2.0,1.0
2.0,1.0
2.0,3.75
2.0,3.75
2.0,3.75
1.0,1.34
1.0,1.34
1.0,1.34
1.0,1.0
1.0,1.0
1.0,1.0
1.0,3.75
1.0,3.75
1.0,3.75
0.02,3.4
0.02,3.4
0.02,3.4
0.02,1.0
0.02,1.0
0.02,1.0
0.02,3.75
0.02,3.75
0.02,3.75
2.0,2.0
2.0,2.0
2.0,2.0
2.0,1.0
2.0,1.0
2.0,1.0
2.0,4.95
2.0,4.95
2.0,4.95
1.0,1.34
1.0,1.34
1.0,1.34
1.0,1.0
1.0,1.0
1.0,1.0
1.0,4.95
1.0,4.95
1.0,4.95
0.02,4.92
0.02,4.92
0.02,4.92
0.02,1.0
0.02,1.0
0.02,1.0
0.02,4.95
0.02,4.95
0.02,4.95
2.0,2.0
2.0,2.0
2.0,2.0
2.0,1.0
2.0,1.0
2.0,1.0
2.0,2.55
2.0,2.55
2.0,2.55
1.0,1.34
1.0,1.34
1.0,1.34
1.0,1.0
1.0,1.0
1.0,1.0
1.0,2.55
1.0,2.55
1.0,2.55
0.02,2.52
0.02,2.52
0.02,2.52
0.02,1.0
0.02,1.0
0.02,1.0
0.02,2.55
0.02,2.55
0.02,2.55
2.0,2.0
2.0,2.0
2.0,2.0
2.0,1.0
2.0,1.0
2.0,1.0
2.0,3.75
2.0,3.75
2.0,3.75
1.0,1.34
1.0,1.34
1.0,1.34
1.0,1.0
1.0,1.0
1.0,1.0
1.0,3.75
1.0,3.75
1.0,3.75
0.02,3.4
0.02,3.4
0.02,3.4
0.02,1.0
0.02,1.0
0.02,1.0
0.02,3.75
0.02,3.75
0.02,3.75
2.0,2.0
2.0,2.0
2.0,2.0
2.0,1.0
2.0,1.0
2.0,1.0
2.0,4.47
2.0,4.47
2.0,4.47
1.0,1.34
1.0,1.34
1.0,1.34
1.0,1.0
1.0,1.0
1.0,1.0
1.0,4.47
1.0,4.47
1.0,4.47
0.02,4.44
0.02,4.44
0.02,4.44
0.02,1.0
0.02,1.0
0.02,1.0
0.02,4.47
0.02,4.47
0.02,4.47
2.0,2.0
2.0,2.0
2.0,2.0
2.0,1.0
2.0,1.0
2.0,1.0
2.0,2.55
2.0,2.55
2.0,2.55
1.0,1.34
1.0,1.34
1.0,1.34
1.0,1.0
1.0,1.0
1.0,1.0
1.0,2.55
1.0,2.55
1.0,2.55
0.02,2.52
0.02,2.52
0.02,2.52
0.02,1.0
0.02,1.0
0.02,1.0
0.02,2.55
0.02,2.55
0.02,2.55
2.0,2.0
2.0,2.0
2.0,2.0
2.0,2.01
2.0,2.33
2.0,3.1
2.0,3.75
2.0,3.75
2.0,3.75
0.02,2.25
0.02,2.33
0.02,2.97
0.02,2.25
0.02,2.33
0.02,3.1
0.02,3.75
0.02,3.75
0.02,3.75
0.02,3.4
0.02,3.4
0.02,3.4
0.02,2.97
0.02,2.33
0.02,3.1
0.02,3.75
0.02,3.75
0.02,3.75
2.0,2.0
2.0,2.0
2.0,2.0
2.0,2.01
2.0,2.33
2.0,3.89
2.0,2.1
2.0,2.39
2.0,4.0
0.02,2.25
0.02,2.33
0.02,3.91
0.02,2.25
0.02,2.33
0.02,3.89
0.02,2.31
0.02,2.39
0.02,4.0
0.02,3.64
0.02,2.41
0.02,3.97
0.02,3.61
0.02,2.33
0.02,3.89
0.02,3.67
0.02,2.39
0.02,4.0
2.0,2.0
2.0,2.0
2.0,2.0
2.0,2.01
2.0,2.33
2.0,2.52
2.0,2.55
2.0,2.55
2.0,2.55
0.02,2.25
0.02,2.33
0.02,2.54
0.02,2.25
0.02,2.33
0.02,2.52
0.02,2.55
0.02,2.55
0.02,2.55
0.02,2.52
0.02,2.52
0.02,2.52
0.02,2.54
0.02,2.33
0.02,2.52
0.02,2.55
0.02,2.55
0.02,2.55
2.0,2.0
2.0,2.0
2.0,2.0
2.0,4.92
2.0,4.92
2.0,4.92
2.0,3.75
2.0,3.75
2.0,3.75
0.02,4.89
0.02,4.89
0.02,4.89
0.02,4.92
0.02,4.92
0.02,4.92
0.02,3.75
0.02,3.75
0.02,3.75
0.02,3.4
0.02,3.4
0.02,3.4
0.02,4.92
0.02,4.92
0.02,4.92
0.02,3.75
0.02,3.75
0.02,3.75
2.0,2.0
2.0,2.0
2.0,2.0
2.0,4.92
2.0,4.92
2.0,4.92
2.0,4.95
2.0,4.95
2.0,4.95
0.02,4.89
0.02,4.89
0.02,4.89
0.02,4.92
0.02,4.92
0.02,4.92
0.02,4.95
0.02,4.95
0.02,4.95
0.02,4.92
0.02,4.92
0.02,4.92
0.02,4.92
0.02,4.92
0.02,4.92
0.02,4.95
0.02,4.95
0.02,4.95
2.0,2.0
2.0,2.0
2.0,2.0
2.0,4.92
2.0,4.92
2.0,4.92
2.0,2.55
2.0,2.55
2.0,2.55
0.02,4.89
0.02,4.89
0.02,4.89
0.02,4.92
0.02,4.92
0.02,4.92
0.02,2.55
0.02,2.55
0.02,2.55
0.02,2.52
0.02,2.52
0.02,2.52
0.02,4.92
0.02,4.92
0.02,4.92
0.02,2.55
0.02,2.55
0.02,2.55
2.0,2.0
2.0,2.0
2.0,2.0
2.0,3.27
2.0,3.27
2.0,3.27
2.0,3.75
2.0,3.75
2.0,3.75
0.02,3.12
0.02,3.12
0.02,3.12
0.02,3.27
0.02,3.27
0.02,3.27
0.02,3.75
0.02,3.75
0.02,3.75
0.02,3.4
0.02,3.4
0.02,3.4
0.02,3.27
0.02,3.27
0.02,3.27
0.02,3.75
0.02,3.75
0.02,3.75
2.0,2.0
2.0,2.0
2.0,2.0
2.0,4.39
2.0,4.39
2.0,4.39
2.0,4.47
2.0,4.47
2.0,4.47
0.02,4.41
0.02,4.41
0.02,4.41
0.02,4.39
0.02,4.39
0.02,4.39
0.02,4.47
0.02,4.47
0.02,4.47
0.02,4.44
0.02,4.44
0.02,4.44
0.02,4.39
0.02,4.39
0.02,4.39
0.02,4.47
0.02,4.47
0.02,4.47
2.0,2.0
2.0,2.0
2.0,2.0
2.0,2.55
2.0,2.55
2.0,2.55
2.0,2.55
2.0,2.55
2.0,2.55
0.02,2.52
0.02,2.52
0.02,2.52
0.02,2.55
0.02,2.55
0.02,2.55
0.02,2.55
0.02,2.55
0.02,2.55
0.02,2.52
0.02,2.52
0.02,2.52
0.02,2.55
0.02,2.55
0.02,2.55
0.02,2.55
0.02,2.55
0.02,2.55
2.0,2.0
2.0,2.0
2.0,2.0
2.0,1.75
2.0,1.75
2.0,1.75
2.0,3.75
2.0,3.75
2.0,3.75
0.02,1.8
0.02,1.8
0.02,1.8
0.02,1.75
0.02,1.75
0.02,1.75
0.02,3.75
0.02,3.75
0.02,3.75
0.02,3.4
0.02,3.4
0.02,3.4
0.02,1.75
0.02,1.75
0.02,1.75
0.02,3.75
0.02,3.75
0.02,3.75
2.0,2.0
2.0,2.0
2.0,2.0
2.0,2.02
2.0,2.4
2.0,3.92
2.0,2.1
2.0,2.48
2.0,4.0
0.02,2.28
0.02,2.37
0.02,3.89
0.02,2.31
0.02,2.4
0.02,3.92
0.02,2.39
0.02,2.48
0.02,4.0
0.02,3.64
0.02,2.45
0.02,3.97
0.02,3.59
0.02,2.4
0.02,3.92
0.02,3.67
0.02,2.48
0.02,4.0
2.0,2.0
2.0,2.0
2.0,2.0
2.0,2.47
2.0,2.47
2.0,2.47
2.0,2.55
2.0,2.55
2.0,2.55
0.02,2.44
0.02,2.44
0.02,2.44
0.02,2.47
0.02,2.47
0.02,2.47
0.02,2.55
0.02,2.55
0.02,2.55
0.02,2.52
0.02,2.52
0.02,2.52
0.02,2.47
0.02,2.47
0.02,2.47
0.02,2.55
0.02,2.55
0.02,2.55
2.0,2.0
2.0,2.0
2.0,2.0
2.0,1.75
2.0,1.75
2.0,1.75
2.0,3.75
2.0,3.75
2.0,3.75
0.02,1.8
0.02,1.8
0.02,1.8
0.02,1.75
0.02,1.75
0.02,1.75
0.02,3.75
0.02,3.75
0.02,3.75
0.02,3.4
0.02,3.4
0.02,3.4
0.02,1.75
0.02,1.75
0.02,1.75
0.02,3.75
0.02,3.75
0.02,3.75
2.0,2.0
2.0,2.0
2.0,2.0
2.0,4.87
2.0,4.87
2.0,4.87
2.0,4.95
2.0,4.95
2.0,4.95
0.02,4.84
0.02,4.84
0.02,4.84
0.02,4.87
0.02,4.87
0.02,4.87
0.02,4.95
0.02,4.95
0.02,4.95
0.02,4.92
0.02,4.92
0.02,4.92
0.02,4.87
0.02,4.87
0.02,4.87
0.02,4.95
0.02,4.95
0.02,4.95
2.0,2.0
2.0,2.0
2.0,2.0
2.0,2.47
2.0,2.47
2.0,2.47
2.0,2.55
2.0,2.55
2.0,2.55
0.02,2.44
0.02,2.44
0.02,2.44
0.02,2.47
0.02,2.47
0.02,2.47
0.02,2.55
0.02,2.55
0.02,2.55
0.02,2.52
0.02,2.52
0.02,2.52
0.02,2.47
0.02,2.47
0.02,2.47
0.02,2.55
0.02,2.55
0.02,2.55
2.0,2.0
2.0,2.0
2.0,2.0
2.0,1.75
2.0,1.75
2.0,1.75
2.0,3.75
2.0,3.75
2.0,3.75
0.02,1.8
0.02,1.8
0.02,1.8
0.02,1.75
0.02,1.75
0.02,1.75
0.02,3.75
0.02,3.75
0.02,3.75
0.02,3.4
0.02,3.4
0.02,3.4
0.02,1.75
0.02,1.75
0.02,1.75
0.02,3.75
0.02,3.75
0.02,3.75
2.0,2.0
2.0,2.0
2.0,2.0
2.0,4.39
2.0,4.39
2.0,4.39
2.0,4.47
2.0,4.47
2.0,4.47
0.02,4.36
0.02,4.36
0.02,4.36
0.02,4.39
0.02,4.39
0.02,4.39
0.02,4.47
0.02,4.47
0.02,4.47
0.02,4.44
0.02,4.44
0.02,4.44
0.02,4.39
0.02,4.39
0.02,4.39
0.02,4.47
0.02,4.47
0.02,4.47
2.0,2.0
2.0,2.0
2.0,2.0
2.0,2.47
2.0,2.47
2.0,2.47
2.0,2.55
2.0,2.55
2.0,2.55
0.02,2.44
0.02,2.44
0.02,2.44
0.02,2.47
0.02,2.47
0.02,2.47
0.02,2.55
0.02,2.55
0.02,2.55
0.02,2.52
0.02,2.52
0.02,2.52
0.02,2.47
0.02,2.47
0.02,2.47
0.02,2.55
0.02,2.55
0.02,2.55
2.0,2.0
2.0,2.0
2.0,2.0
2.0,1.0
2.0,1.0
2.0,1.0
2.0,7.86
2.0,7.86
2.0,7.86
1.0,1.34
1.0,1.34
1.0,1.34
1.0,1.0
1.0,1.0
1.0,1.0
1.0,7.86
1.0,7.86
1.0,7.86
0.02,7.8
0.02,7.8
0.02,7.8
0.02,1.0
0.02,1.0
0.02,1.0
0.02,7.86
0.02,7.86
0.02,7.86
2.0,2.0
2.0,2.0
2.0,2.0
2.0,1.0
2.0,1.0
2.0,1.0
2.0,7.86
2.0,7.86
2.0,7.86
1.0,1.34
1.0,1.34
1.0,1.34
1.0,1.0
1.0,1.0
1.0,1.0
1.0,7.86
1.0,7.86
1.0,7.86
0.02,7.8
0.02,7.8
0.02,7.8
0.02,1.0
0.02,1.0
0.02,1.0
0.02,7.86
0.02,7.86
0.02,7.86
2.0,2.0
2.0,2.0
2.0,2.0
2.0,1.0
2.0,1.0
2.0,1.0
2.0,7.86
2.0,7.86
2.0,7.86
1.0,1.34
1.0,1.34
1.0,1.34
1.0,1.0
1.0,1.0
1.0,1.0
1.0,7.86
1.0,7.86
1.0,7.86
0.02,7.8
0.02,7.8
0.02,7.8
0.02,1.0
0.02,1.0
0.02,1.0
0.02,7.86
0.02,7.86
0.02,7.86
2.0,2.0
2.0,2.0
2.0,2.0
2.0,1.0
2.0,1.0
2.0,1.0
2.0,7.86
2.0,7.86
2.0,7.86
1.0,1.34
1.0,1.34
1.0,1.34
1.0,1.0
1.0,1.0
1.0,1.0
1.0,7.86
1.0,7.86
1.0,7.86
0.02,7.8
0.02,7.8
0.02,7.8
0.02,1.0
0.02,1.0
0.02,1.0
0.02,7.86
0.02,7.86
0.02,7.86
2.0,2.0
2.0,2.0
2.0,2.0
2.0,1.0
2.0,1.0
2.0,1.0
2.0,7.86
2.0,7.86
2.0,7.86
1.0,1.34
1.0,1.34
1.0,1.34
1.0,1.0
1.0,1.0
1.0,1.0
1.0,7.86
1.0,7.86
1.0,7.86
0.02,7.8
0.02,7.8
0.02,7.8
0.02,1.0
0.02,1.0
0.02,1.0
0.02,7.86
0.02,7.86
0.02,7.86
2.0,2.0
2.0,2.0
2.0,2.0
2.0,1.0
2.0,1.0
2.0,1.0
2.0,7.86
2.0,7.86
2.0,7.86
1.0,1.34
1.0,1.34
1.0,1.34
1.0,1.0
1.0,1.0
1.0,1.0
1.0,7.86
1.0,7.86
1.0,7.86
0.02,7.8
0.02,7.8
0.02,7.8
0.02,1.0
0.02,1.0
0.02,1.0
0.02,7.86
0.02,7.86
0.02,7.86
2.0,2.0
2.0,2.0
2.0,2.0
2.0,1.0
2.0,1.0
2.0,1.0
2.0,7.86
2.0,7.86
2.0,7.86
1.0,1.34
1.0,1.34
1.0,1.34
1.0,1.0
1.0,1.0
1.0,1.0
1.0,7.86
1.0,7.86
1.0,7.86
0.02,7.8
0.02,7.8
0.02,7.8
0.02,1.0
0.02,1.0
0.02,1.0
0.02,7.86
0.02,7.86
0.02,7.86
2.0,2.0
2.0,2.0
2.0,2.0
2.0,1.0
2.0,1.0
2.0,1.0
2.0,7.86
2.0,7.86
2.0,7.86
1.0,1.34
1.0,1.34
1.0,1.34
1.0,1.0
1.0,1.0
1.0,1.0
1.0,7.86
1.0,7.86
1.0,7.86
0.02,7.8
0.02,7.8
0.02,7.8
0.02,1.0
0.02,1.0
0.02,1.0
0.02,7.86
0.02,7.86
0.02,7.86
2.0,2.0
2.0,2.0
2.0,2.0
2.0,1.0
2.0,1.0
2.0,1.0
2.0,7.86
2.0,7.86
2.0,7.86
1.0,1.34
1.0,1.34
1.0,1.34
1.0,1.0
1.0,1.0
1.0,1.0
1.0,7.86
1.0,7.86
1.0,7.86
0.02,7.8
0.02,7.8
0.02,7.8
0.02,1.0
0.02,1.0
0.02,1.0
0.02,7.86
0.02,7.86
0.02,7.86
2.0,2.0
2.0,2.0
2.0,2.0
2.0,2.01
2.0,2.33
2.0,7.69
2.0,7.86
2.0,7.86
2.0,7.86
0.02,2.25
0.02,2.33
0.02,7.63
0.02,2.25
0.02,2.33
0.02,7.69
0.02,7.86
0.02,7.86
0.02,7.86
0.02,7.8
0.02,7.8
0.02,7.8
0.02,7.63
0.02,2.33
0.02,7.69
0.02,7.86
0.02,7.86
0.02,7.86
2.0,2.0
2.0,2.0
2.0,2.0
2.0,2.01
2.0,2.33
2.0,7.69
2.0,7.86
2.0,7.86
2.0,7.86
0.02,2.25
0.02,2.33
0.02,7.63
0.02,2.25
0.02,2.33
0.02,7.69
0.02,7.86
0.02,7.86
0.02,7.86
0.02,7.8
0.02,7.8
0.02,7.8
0.02,7.63
0.02,2.33
0.02,7.69
0.02,7.86
0.02,7.86
0.02,7.86
2.0,2.0
2.0,2.0
2.0,2.0
2.0,2.01
2.0,2.33
2.0,7.69
2.0,7.86
2.0,7.86
2.0,7.86
0.02,2.25
0.02,2.33
0.02,7.63
0.02,2.25
0.02,2.33
0.02,7.69
0.02,7.86
0.02,7.86
0.02,7.86
0.02,7.8
0.02,7.8
0.02,7.8
0.02,7.63
0.02,2.33
0.02,7.69
0.02,7.86
0.02,7.86
0.02,7.86
2.0,2.0
2.0,2.0
2.0,2.0
2.0,4.92
2.0,4.92
2.0,4.92
2.0,7.86
2.0,7.86
2.0,7.86
0.02,4.89
0.02,4.89
0.02,4.89
0.02,4.92
0.02,4.92
0.02,4.92
0.02,7.86
0.02,7.86
0.02,7.86
0.02,7.8
0.02,7.8
0.02,7.8
0.02,4.92
0.02,4.92
0.02,4.92
0.02,7.86
0.02,7.86
0.02,7.86
2.0,2.0
2.0,2.0
2.0,2.0
2.0,4.92
2.0,4.92
2.0,4.92
2.0,7.86
2.0,7.86
2.0,7.86
0.02,4.89
0.02,4.89
0.02,4.89
0.02,4.92
0.02,4.92
0.02,4.92
0.02,7.86
0.02,7.86
0.02,7.86
0.02,7.8
0.02,7.8
0.02,7.8
0.02,4.92
0.02,4.92
0.02,4.92
0.02,7.86
0.02,7.86
0.02,7.86
2.0,2.0
2.0,2.0
2.0,2.0
2.0,4.92
2.0,4.92
2.0,4.92
2.0,7.86
2.0,7.86
2.0,7.86
0.02,4.89
0.02,4.89
0.02,4.89
0.02,4.92
0.02,4.92
0.02,4.92
0.02,7.86
0.02,7.86
0.02,7.86
0.02,7.8
0.02,7.8
0.02,7.8
0.02,4.92
0.02,4.92
0.02,4.92
0.02,7.86
0.02,7.86
0.02,7.86
2.0,2.0
2.0,2.0
2.0,2.0
2.0,7.75
2.0,7.75
2.0,7.75
2.0,7.86
2.0,7.86
2.0,7.86
0.02,7.69
0.02,7.69
0.02,7.69
0.02,7.75
0.02,7.75
0.02,7.75
0.02,7.86
0.02,7.86
0.02,7.86
0.02,7.8
0.02,7.8
0.02,7.8
0.02,7.75
0.02,7.75
0.02,7.75
0.02,7.86
0.02,7.86
0.02,7.86
2.0,2.0
2.0,2.0
2.0,2.0
2.0,7.75
2.0,7.75
2.0,7.75
2.0,7.86
2.0,7.86
2.0,7.86
0.02,7.69
0.02,7.69
0.02,7.69
0.02,7.75
0.02,7.75
0.02,7.75
0.02,7.86
0.02,7.86
0.02,7.86
0.02,7.8
0.02,7.8
0.02,7.8
0.02,7.75
0.02,7.75
0.02,7.75
0.02,7.86
0.02,7.86
0.02,7.86
2.0,2.0
2.0,2.0
2.0,2.0
2.0,7.75
2.0,7.75
2.0,7.75
2.0,7.86
2.0,7.86
2.0,7.86
0.02,7.69
0.02,7.69
0.02,7.69
0.02,7.75
0.02,7.75
0.02,7.75
0.02,7.86
0.02,7.86
0.02,7.86
0.02,7.8
0.02,7.8
0.02,7.8
0.02,7.75
0.02,7.75
0.02,7.75
0.02,7.86
0.02,7.86
0.02,7.86
2.0,2.0
2.0,2.0
2.0,2.0
2.0,1.75
2.0,1.75
2.0,1.75
2.0,7.86
2.0,7.86
2.0,7.86
0.02,1.8
0.02,1.8
0.02,1.8
0.02,1.75
0.02,1.75
0.02,1.75
0.02,7.86
0.02,7.86
0.02,7.86
0.02,7.8
0.02,7.8
0.02,7.8
0.02,1.75
0.02,1.75
0.02,1.75
0.02,7.86
0.02,7.86
0.02,7.86
2.0,2.0
2.0,2.0
2.0,2.0
2.0,2.02
2.0,2.4
2.0,7.58
2.0,7.86
2.0,7.86
2.0,7.86
0.02,2.28
0.02,2.37
0.02,7.52
0.02,2.31
0.02,2.4
0.02,7.58
0.02,7.86
0.02,7.86
0.02,7.86
0.02,7.8
0.02,7.8
0.02,7.8
0.02,7.52
0.02,2.4
0.02,7.58
0.02,7.86
0.02,7.86
0.02,7.86
2.0,2.0
2.0,2.0
2.0,2.0
2.0,2.47
2.0,2.47
2.0,2.47
2.0,7.86
2.0,7.86
2.0,7.86
0.02,2.44
0.02,2.44
0.02,2.44
0.02,2.47
0.02,2.47
0.02,2.47
0.02,7.86
0.02,7.86
0.02,7.86
0.02,7.8
0.02,7.8
0.02,7.8
0.02,2.47
0.02,2.47
0.02,2.47
0.02,7.86
0.02,7.86
0.02,7.86
2.0,2.0
2.0,2.0
2.0,2.0
2.0,1.75
2.0,1.75
2.0,1.75
2.0,7.86
2.0,7.86
2.0,7.86
0.02,1.8
0.02,1.8
0.02,1.8
0.02,1.75
0.02,1.75
0.02,1.75
0.02,7.86
0.02,7.86
0.02,7.86
0.02,7.8
0.02,7.8
0.02,7.8
0.02,1.75
0.02,1.75
0.02,1.75
0.02,7.86
0.02,7.86
0.02,7.86
2.0,2.0
2.0,2.0
2.0,2.0
2.0,4.87
2.0,4.87
2.0,4.87
2.0,7.86
2.0,7.86
2.0,7.86
0.02,4.84
0.02,4.84
0.02,4.84
0.02,4.87
0.02,4.87
0.02,4.87
0.02,7.86
0.02,7.86
0.02,7.86
0.02,7.8
0.02,7.8
0.02,7.8
0.02,4.87
0.02,4.87
0.02,4.87
0.02,7.86
0.02,7.86
0.02,7.86
2.0,2.0
2.0,2.0
2.0,2.0
2.0,2.47
2.0,2.47
2.0,2.47
2.0,7.86
2.0,7.86
2.0,7.86
0.02,2.44
0.02,2.44
0.02,2.44
0.02,2.47
0.02,2.47
0.02,2.47
0.02,7.86
0.02,7.86
0.02,7.86
0.02,7.8
0.02,7.8
0.02,7.8
0.02,2.47
0.02,2.47
0.02,2.47
0.02,7.86
0.02,7.86
0.02,7.86
2.0,2.0
2.0,2.0
2.0,2.0
2.0,1.75
2.0,1.75
2.0,1.75
2.0,7.86
2.0,7.86
2.0,7.86
0.02,1.8
0.02,1.8
0.02,1.8
0.02,1.75
0.02,1.75
0.02,1.75
0.02,7.86
0.02,7.86
0.02,7.86
0.02,7.8
0.02,7.8
0.02,7.8
0.02,1.75
0.02,1.75
0.02,1.75
0.02,7.86
0.02,7.86
0.02,7.86
2.0,2.0
2.0,2.0
2.0,2.0
2.0,7.64
2.0,7.64
2.0,7.64
2.0,7.86
2.0,7.86
2.0,7.86
0.02,7.58
0.02,7.58
0.02,7.58
0.02,7.64
0.02,7.64
0.02,7.64
0.02,7.86
0.02,7.86
0.02,7.86
0.02,7.8
0.02,7.8
0.02,7.8
0.02,7.64
0.02,7.64
0.02,7.64
0.02,7.86
0.02,7.86
0.02,7.86
2.0,2.0
2.0,2.0
2.0,2.0
2.0,2.47
2.0,2.47
2.0,2.47
2.0,7.86
2.0,7.86
2.0,7.86
0.02,2.44
0.02,2.44
0.02,2.44
0.02,2.47
0.02,2.47
0.02,2.47
0.02,7.86
0.02,7.86
0.02,7.86
0.02,7.8
0.02,7.8
0.02,7.8
0.02,2.47
0.02,2.47
0.02,2.47
0.02,7.86
0.02,7.86
0.02,7.86
2.0,2.0
2.0,2.0
2.0,2.0
2.0,1.0
2.0,1.0
2.0,1.0
2.0,2.04
2.0,2.4
2.0,3.32
1.0,1.34
1.0,1.34
1.0,1.34
1.0,1.0
1.0,1.0
1.0,1.0
1.0,2.36
1.0,2.4
1.0,3.32
0.02,3.0
0.02,2.36
0.02,3.32
0.02,1.0
0.02,1.0
0.02,1.0
0.02,3.0
0.02,2.4
0.02,3.32
2.0,2.0
2.0,2.0
2.0,2.0
2.0,1.0
2.0,1.0
2.0,1.0
2.0,2.04
2.0,2.4
2.0,3.32
1.0,1.34
1.0,1.34
1.0,1.34
1.0,1.0
1.0,1.0
1.0,1.0
1.0,2.36
1.0,2.4
1.0,3.32
0.02,3.0
0.02,2.36
0.02,3.32
0.02,1.0
0.02,1.0
0.02,1.0
0.02,3.0
0.02,2.4
0.02,3.32
2.0,2.0
2.0,2.0
2.0,2.0
2.0,1.0
2.0,1.0
2.0,1.0
2.0,2.04
2.0,2.4
2.0,3.32
1.0,1.34
1.0,1.34
1.0,1.34
1.0,1.0
1.0,1.0
1.0,1.0
1.0,2.36
1.0,2.4
1.0,3.32
0.02,3.0
0.02,2.36
0.02,3.32
0.02,1.0
0.02,1.0
0.02,1.0
0.02,3.0
0.02,2.4
0.02,3.32
2.0,2.0
2.0,2.0
2.0,2.0
2.0,1.0
2.0,1.0
2.0,1.0
2.0,2.04
2.0,2.4
2.0,3.32
1.0,1.34
1.0,1.34
1.0,1.34
1.0,1.0
1.0,1.0
1.0,1.0
1.0,2.36
1.0,2.4
1.0,3.32
0.02,3.0
0.02,2.36
0.02,3.32
0.02,1.0
0.02,1.0
0.02,1.0
0.02,3.0
0.02,2.4
0.02,3.32
2.0,2.0
2.0,2.0
2.0,2.0
2.0,1.0
2.0,1.0
2.0,1.0
2.0,2.04
2.0,2.4
2.0,3.32
1.0,1.34
1.0,1.34
1.0,1.34
1.0,1.0
1.0,1.0
1.0,1.0
1.0,2.36
1.0,2.4
1.0,3.32
0.02,3.0
0.02,2.36
0.02,3.32
0.02,1.0
0.02,1.0
0.02,1.0
0.02,3.0
0.02,2.4
0.02,3.32
2.0,2.0
2.0,2.0
2.0,2.0
2.0,1.0
2.0,1.0
2.0,1.0
2.0,2.04
2.0,2.4
2.0,3.32
1.0,1.34
1.0,1.34
1.0,1.34
1.0,1.0
1.0,1.0
1.0,1.0
1.0,2.36
1.0,2.4
1.0,3.32
0.02,3.0
0.02,2.36
0.02,3.32
0.02,1.0
0.02,1.0
0.02,1.0
0.02,3.0
0.02,2.4
0.02,3.32
2.0,2.0
2.0,2.0
2.0,2.0
2.0,1.0
2.0,1.0
2.0,1.0
2.0,2.04
2.0,2.4
2.0,3.32
1.0,1.34
1.0,1.34
1.0,1.34
1.0,1.0
1.0,1.0
1.0,1.0
1.0,2.36
1.0,2.4
1.0,3.32
0.02,3.0
0.02,2.36
0.02,3.32
0.02,1.0
0.02,1.0
0.02,1.0
0.02,3.0
0.02,2.4
0.02,3.32
2.0,2.0
2.0,2.0
2.0,2.0
2.0,1.0
2.0,1.0
2.0,1.0
2.0,2.04
2.0,2.4
2.0,3.32
1.0,1.34
1.0,1.34
1.0,1.34
1.0,1.0
1.0,1.0
1.0,1.0
1.0,2.36
1.0,2.4
1.0,3.32
0.02,3.0
0.02,2.36
0.02,3.32
0.02,1.0
0.02,1.0
0.02,1.0
0.02,3.0
0.02,2.4
0.02,3.32
2.0,2.0
2.0,2.0
2.0,2.0
2.0,1.0
2.0,1.0
2.0,1.0
2.0,2.04
2.0,2.4
2.0,3.32
1.0,1.34
1.0,1.34
1.0,1.34
1.0,1.0
1.0,1.0
1.0,1.0
1.0,2.36
1.0,2.4
1.0,3.32
0.02,3.0
0.02,2.36
0.02,3.32
0.02,1.0
0.02,1.0
0.02,1.0
0.02,3.0
0.02,2.4
0.02,3.32
2.0,2.0
2.0,2.0
2.0,2.0
2.0,2.01
2.0,2.33
2.0,3.29
2.0,2.04
2.0,2.36
2.0,3.32
0.02,2.25
0.02,2.33
0.02,3.29
0.02,2.25
0.02,2.33
0.02,3.29
0.02,2.28
0.02,2.36
0.02,3.32
0.02,3.0
0.02,2.36
0.02,3.32
0.02,2.97
0.02,2.33
0.02,3.29
0.02,3.0
0.02,2.36
0.02,3.32
2.0,2.0
2.0,2.0
2.0,2.0
2.0,2.01
2.0,2.33
2.0,3.29
2.0,2.04
2.0,2.36
2.0,3.32
0.02,2.25
0.02,2.33
0.02,3.29
0.02,2.25
0.02,2.33
0.02,3.29
0.02,2.28
0.02,2.36
0.02,3.32
0.02,3.0
0.02,2.36
0.02,3.32
0.02,2.97
0.02,2.33
0.02,3.29
0.02,3.0
0.02,2.36
0.02,3.32
2.0,2.0
2.0,2.0
2.0,2.0
2.0,2.01
2.0,2.33
2.0,3.29
2.0,2.04
2.0,2.36
2.0,3.32
0.02,2.25
0.02,2.33
0.02,3.29
0.02,2.25
0.02,2.33
0.02,3.29
0.02,2.28
0.02,2.36
0.02,3.32
0.02,3.0
0.02,2.36
0.02,3.32
0.02,2.97
0.02,2.33
0.02,3.29
0.02,3.0
0.02,2.36
0.02,3.32
2.0,2.0
2.0,2.0
2.0,2.0
2.0,4.92
2.0,4.92
2.0,4.92
2.0,2.04
2.0,4.87
2.0,3.32
0.02,4.89
0.02,4.89
0.02,4.89
0.02,4.92
0.02,4.92
0.02,4.92
0.02,4.84
0.02,4.87
0.02,3.32
0.02,3.0
0.02,4.84
0.02,3.32
0.02,4.92
0.02,4.92
0.02,4.92
0.02,3.0
0.02,4.87
0.02,3.32
2.0,2.0
2.0,2.0
2.0,2.0
2.0,4.92
2.0,4.92
2.0,4.92
2.0,2.04
2.0,4.87
2.0,3.32
0.02,4.89
0.02,4.89
0.02,4.89
0.02,4.92
0.02,4.92
0.02,4.92
0.02,4.84
0.02,4.87
0.02,3.32
0.02,3.0
0.02,4.84
0.02,3.32
0.02,4.92
0.02,4.92
0.02,4.92
0.02,3.0
0.02,4.87
0.02,3.32
2.0,2.0
2.0,2.0
2.0,2.0
2.0,4.92
2.0,4.92
2.0,4.92
2.0,2.04
2.0,4.87
2.0,3.32
0.02,4.89
0.02,4.89
0.02,4.89
0.02,4.92
0.02,4.92
0.02,4.92
0.02,4.84
0.02,4.87
0.02,3.32
0.02,3.0
0.02,4.84
0.02,3.32
0.02,4.92
0.02,4.92
0.02,4.92
0.02,3.0
0.02,4.87
0.02,3.32
2.0,2.0
2.0,2.0
2.0,2.0
2.0,2.05
2.0,3.0
2.0,3.27
2.0,2.04
2.0,2.97
2.0,3.32
0.02,2.81
0.02,2.94
0.02,3.29
0.02,2.79
0.02,3.0
0.02,3.27
0.02,2.84
0.02,2.97
0.02,3.32
0.02,3.0
0.02,2.99
0.02,3.32
0.02,2.95
0.02,3.0
0.02,3.27
0.02,3.0
0.02,2.97
0.02,3.32
2.0,2.0
2.0,2.0
2.0,2.0
2.0,2.05
2.0,3.0
2.0,3.27
2.0,2.04
2.0,2.97
2.0,3.32
0.02,2.81
0.02,2.94
0.02,3.29
0.02,2.79
0.02,3.0
0.02,3.27
0.02,2.84
0.02,2.97
0.02,3.32
0.02,3.0
0.02,2.99
0.02,3.32
0.02,2.95
0.02,3.0
0.02,3.27
0.02,3.0
0.02,2.97
0.02,3.32
2.0,2.0
2.0,2.0
2.0,2.0
2.0,2.05
2.0,3.0
2.0,3.27
2.0,2.04
2.0,2.97
2.0,3.32
0.02,2.81
0.02,2.94
0.02,3.29
0.02,2.79
0.02,3.0
0.02,3.27
0.02,2.84
0.02,2.97
0.02,3.32
0.02,3.0
0.02,2.99
0.02,3.32
0.02,2.95
0.02,3.0
0.02,3.27
0.02,3.0
0.02,2.97
0.02,3.32
2.0,2.0
2.0,2.0
2.0,2.0
2.0,2.02
2.0,2.5
2.0,3.3
2.0,2.04
2.0,2.52
2.0,3.32
0.02,2.4
0.02,2.44
0.02,3.24
0.02,2.4
0.02,2.5
0.02,3.3
0.02,2.42
0.02,2.52
0.02,3.32
0.02,3.0
0.02,2.52
0.02,3.32
0.02,2.98
0.02,2.5
0.02,3.3
0.02,3.0
0.02,2.52
0.02,3.32
2.0,2.0
2.0,2.0
2.0,2.0
2.0,2.02
2.0,2.5
2.0,3.3
2.0,2.04
2.0,2.52
2.0,3.32
0.02,2.4
0.02,2.44
0.02,3.24
0.02,2.4
0.02,2.5
0.02,3.3
0.02,2.42
0.02,2.52
0.02,3.32
0.02,3.0
0.02,2.52
0.02,3.32
0.02,2.98
0.02,2.5
0.02,3.3
0.02,3.0
0.02,2.52
0.02,3.32
2.0,2.0
2.0,2.0
2.0,2.0
2.0,2.02
2.0,2.5
2.0,3.3
2.0,2.04
2.0,2.52
2.0,3.32
0.02,2.4
0.02,2.44
0.02,3.24
0.02,2.4
0.02,2.5
0.02,3.3
0.02,2.42
0.02,2.52
0.02,3.32
0.02,3.0
0.02,2.52
0.02,3.32
0.02,2.98
0.02,2.5
0.02,3.3
0.02,3.0
0.02,2.52
0.02,3.32
2.0,2.0
2.0,2.0
2.0,2.0
2.0,2.02
2.0,2.5
2.0,3.3
2.0,2.04
2.0,2.52
2.0,3.32
0.02,2.4
0.02,2.44
0.02,3.24
0.02,2.4
0.02,2.5
0.02,3.3
0.02,2.42
0.02,2.52
0.02,3.32
0.02,3.0
0.02,2.52
0.02,3.32
0.02,2.98
0.02,2.5
0.02,3.3
0.02,3.0
0.02,2.52
0.02,3.32
2.0,2.0
2.0,2.0
2.0,2.0
2.0,2.02
2.0,2.5
2.0,3.3
2.0,2.04
2.0,2.52
2.0,3.32
0.02,2.4
0.02,2.44
0.02,3.24
0.02,2.4
0.02,2.5
0.02,3.3
0.02,2.42
0.02,2.52
0.02,3.32
0.02,3.0
0.02,2.52
0.02,3.32
0.02,2.98
0.02,2.5
0.02,3.3
0.02,3.0
0.02,2.52
0.02,3.32
2.0,2.0
2.0,2.0
2.0,2.0
2.0,2.02
2.0,2.5
2.0,3.3
2.0,2.04
2.0,2.52
2.0,3.32
0.02,2.4
0.02,2.44
0.02,3.24
0.02,2.4
0.02,2.5
0.02,3.3
0.02,2.42
0.02,2.52
0.02,3.32
0.02,3.0
0.02,2.52
0.02,3.32
0.02,2.98
0.02,2.5
0.02,3.3
0.02,3.0
0.02,2.52
0.02,3.32
2.0,2.0
2.0,2.0
2.0,2.0
2.0,2.02
2.0,2.5
2.0,3.3
2.0,2.04
2.0,2.52
2.0,3.32
0.02,2.4
0.02,2.44
0.02,3.24
0.02,2.4
0.02,2.5
0.02,3.3
0.02,2.42
0.02,2.52
0.02,3.32
0.02,3.0
0.02,2.52
0.02,3.32
0.02,2.98
0.02,2.5
0.02,3.3
0.02,3.0
0.02,2.52
0.02,3.32
2.0,2.0
2.0,2.0
2.0,2.0
2.0,2.02
2.0,2.5
2.0,3.3
2.0,2.04
2.0,2.52
2.0,3.32
0.02,2.4
0.02,2.44
0.02,3.24
0.02,2.4
0.02,2.5
0.02,3.3
0.02,2.42
0.02,2.52
0.02,3.32
0.02,3.0
0.02,2.52
0.02,3.32
0.02,2.98
0.02,2.5
0.02,3.3
0.02,3.0
0.02,2.52
0.02,3.32
2.0,2.0
2.0,2.0
2.0,2.0
2.0,2.02
2.0,2.5
2.0,3.3
2.0,2.04
2.0,2.52
2.0,3.32
0.02,2.4
0.02,2.44
0.02,3.24
0.02,2.4
0.02,2.5
0.02,3.3
0.02,2.42
0.02,2.52
0.02,3.32
0.02,3.0
0.02,2.52
0.02,3.32
0.02,2.98
0.02,2.5
0.02,3.3
0.02,3.0
0.02,2.52
0.02,3.32
2.0,2.0
2.0,2.0
2.0,2.0
2.0,1.0
2.0,1.0
2.0,1.0
2.0,3.75
2.0,3.75
2.0,3.75
1.0,1.34
1.0,1.34
1.0,1.34
1.0,1.0
1.0,1.0
1.0,1.0
1.0,3.75
1.0,3.75
1.0,3.75
0.02,3.4
0.02,3.4
0.02,3.4
0.02,1.0
0.02,1.0
0.02,1.0
0.02,3.75
0.02,3.75
0.02,3.75
2.0,2.0
2.0,2.0
2.0,2.0
2.0,1.0
2.0,1.0
2.0,1.0
2.0,2.1
2.0,3.1
2.0,4.0
1.0,1.34
1.0,1.34
1.0,1.34
1.0,1.0
1.0,1.0
1.0,1.0
1.0,3.03
1.0,3.1
1.0,4.0
0.02,3.64
0.02,3.0
0.02,3.97
0.02,1.0
0.02,1.0
0.02,1.0
0.02,3.67
0.02,3.1
0.02,4.0
2.0,2.0
2.0,2.0
2.0,2.0
2.0,1.0
2.0,1.0
2.0,1.0
2.0,4.31
2.0,4.31
2.0,4.31
1.0,1.34
1.0,1.34
1.0,1.34
1.0,1.0
1.0,1.0
1.0,1.0
1.0,4.31
1.0,4.31
1.0,4.31
0.02,4.28
0.02,4.28
0.02,4.28
0.02,1.0
0.02,1.0
0.02,1.0
0.02,4.31
0.02,4.31
0.02,4.31
2.0,2.0
2.0,2.0
2.0,2.0
2.0,1.0
2.0,1.0
2.0,1.0
2.0,3.75
2.0,3.75
2.0,3.75
1.0,1.34
1.0,1.34
1.0,1.34
1.0,1.0
1.0,1.0
1.0,1.0
1.0,3.75
1.0,3.75
1.0,3.75
0.02,3.4
0.02,3.4
0.02,3.4
0.02,1.0
0.02,1.0
0.02,1.0
0.02,3.75
0.02,3.75
0.02,3.75
2.0,2.0
2.0,2.0
2.0,2.0
2.0,1.0
2.0,1.0
2.0,1.0
2.0,4.95
2.0,4.95
2.0,4.95
1.0,1.34
1.0,1.34
1.0,1.34
1.0,1.0
1.0,1.0
1.0,1.0
1.0,4.95
1.0,4.95
1.0,4.95
0.02,4.92
0.02,4.92
0.02,4.92
0.02,1.0
0.02,1.0
0.02,1.0
0.02,4.95
0.02,4.95
0.02,4.95
2.0,2.0
2.0,2.0
2.0,2.0
2.0,1.0
2.0,1.0
2.0,1.0
2.0,4.31
2.0,4.31
2.0,4.31
1.0,1.34
1.0,1.34
1.0,1.34
1.0,1.0
1.0,1.0
1.0,1.0
1.0,4.31
1.0,4.31
1.0,4.31
0.02,4.28
0.02,4.28
0.02,4.28
0.02,1.0
0.02,1.0
0.02,1.0
0.02,4.31
0.02,4.31
0.02,4.31
2.0,2.0
2.0,2.0
2.0,2.0
2.0,1.0
2.0,1.0
2.0,1.0
2.0,3.75
2.0,3.75
2.0,3.75
1.0,1.34
1.0,1.34
1.0,1.34
1.0,1.0
1.0,1.0
1.0,1.0
1.0,3.75
1.0,3.75
1.0,3.75
0.02,3.4
0.02,3.4
0.02,3.4
0.02,1.0
0.02,1.0
0.02,1.0
0.02,3.75
0.02,3.75
0.02,3.75
2.0,2.0
2.0,2.0
2.0,2.0
2.0,1.0
2.0,1.0
2.0,1.0
2.0,4.47
2.0,4.47
2.0,4.47
1.0,1.34
1.0,1.34
1.0,1.34
1.0,1.0
1.0,1.0
1.0,1.0
1.0,4.47
1.0,4.47
1.0,4.47
0.02,4.44
0.02,4.44
0.02,4.44
0.02,1.0
0.02,1.0
0.02,1.0
0.02,4.47
0.02,4.47
0.02,4.47
2.0,2.0
2.0,2.0
2.0,2.0
2.0,1.0
2.0,1.0
2.0,1.0
2.0,4.31
2.0,4.31
2.0,4.31
1.0,1.34
1.0,1.34
1.0,1.34
1.0,1.0
1.0,1.0
1.0,1.0
1.0,4.31
1.0,4.31
1.0,4.31
0.02,4.28
0.02,4.28
0.02,4.28
0.02,1.0
0.02,1.0
0.02,1.0
0.02,4.31
0.02,4.31
0.02,4.31
2.0,2.0
2.0,2.0
2.0,2.0
2.0,2.01
2.0,2.33
2.0,3.1
2.0,3.75
2.0,3.75
2.0,3.75
0.02,2.25
0.02,2.33
0.02,2.97
0.02,2.25
0.02,2.33
0.02,3.1
0.02,3.75
0.02,3.75
0.02,3.75
0.02,3.4
0.02,3.4
0.02,3.4
0.02,2.97
0.02,2.33
0.02,3.1
0.02,3.75
0.02,3.75
0.02,3.75
2.0,2.0
2.0,2.0
2.0,2.0
2.0,2.01
2.0,2.33
2.0,3.89
2.0,2.1
2.0,2.39
2.0,4.0
0.02,2.25
0.02,2.33
0.02,3.91
0.02,2.25
0.02,2.33
0.02,3.89
0.02,2.31
0.02,2.39
0.02,4.0
0.02,3.64
0.02,2.41
0.02,3.97
0.02,3.61
0.02,2.33
0.02,3.89
0.02,3.67
0.02,2.39
0.02,4.0
2.0,2.0
2.0,2.0
2.0,2.0
2.0,2.01
2.0,2.33
2.0,4.25
2.0,4.31
2.0,4.31
2.0,4.31
0.02,2.25
0.02,2.33
0.02,4.22
0.02,2.25
0.02,2.33
0.02,4.25
0.02,4.31
0.02,4.31
0.02,4.31
0.02,4.28
0.02,4.28
0.02,4.28
0.02,4.22
0.02,2.33
0.02,4.25
0.02,4.31
0.02,4.31
0.02,4.31
2.0,2.0
2.0,2.0
2.0,2.0
2.0,4.92
2.0,4.92
2.0,4.92
2.0,3.75
2.0,3.75
2.0,3.75
0.02,4.89
0.02,4.89
0.02,4.89
0.02,4.92
0.02,4.92
0.02,4.92
0.02,3.75
0.02,3.75
0.02,3.75
0.02,3.4
0.02,3.4
0.02,3.4
0.02,4.92
0.02,4.92
0.02,4.92
0.02,3.75
0.02,3.75
0.02,3.75
2.0,2.0
2.0,2.0
2.0,2.0
2.0,4.92
2.0,4.92
2.0,4.92
2.0,4.95
2.0,4.95
2.0,4.95
0.02,4.89
0.02,4.89
0.02,4.89
0.02,4.92
0.02,4.92
0.02,4.92
0.02,4.95
0.02,4.95
0.02,4.95
0.02,4.92
0.02,4.92
0.02,4.92
0.02,4.92
0.02,4.92
0.02,4.92
0.02,4.95
0.02,4.95
0.02,4.95
2.0,2.0
2.0,2.0
2.0,2.0
2.0,4.92
2.0,4.92
2.0,4.92
2.0,4.31
2.0,4.31
2.0,4.31
0.02,4.89
0.02,4.89
0.02,4.89
0.02,4.92
0.02,4.92
0.02,4.92
0.02,4.31
0.02,4.31
0.02,4.31
0.02,4.28
0.02,4.28
0.02,4.28
0.02,4.92
0.02,4.92
0.02,4.92
0.02,4.31
0.02,4.31
0.02,4.31
2.0,2.0
2.0,2.0
2.0,2.0
2.0,3.27
2.0,3.27
2.0,3.27
2.0,3.75
2.0,3.75
2.0,3.75
0.02,3.12
0.02,3.12
0.02,3.12
0.02,3.27
0.02,3.27
0.02,3.27
0.02,3.75
0.02,3.75
0.02,3.75
0.02,3.4
0.02,3.4
0.02,3.4
0.02,3.27
0.02,3.27
0.02,3.27
0.02,3.75
0.02,3.75
0.02,3.75
2.0,2.0
2.0,2.0
2.0,2.0
2.0,4.39
2.0,4.39
2.0,4.39
2.0,4.47
2.0,4.47
2.0,4.47
0.02,4.41
0.02,4.41
0.02,4.41
0.02,4.39
0.02,4.39
0.02,4.39
0.02,4.47
0.02,4.47
0.02,4.47
0.02,4.44
0.02,4.44
0.02,4.44
0.02,4.39
0.02,4.39
0.02,4.39
0.02,4.47
0.02,4.47
0.02,4.47
2.0,2.0
2.0,2.0
2.0,2.0
2.0,4.23
2.0,4.23
2.0,4.23
2.0,4.31
2.0,4.31
2.0,4.31
0.02,4.25
0.02,4.25
0.02,4.25
0.02,4.23
0.02,4.23
0.02,4.23
0.02,4.31
0.02,4.31
0.02,4.31
0.02,4.28
0.02,4.28
0.02,4.28
0.02,4.23
0.02,4.23
0.02,4.23
0.02,4.31
0.02,4.31
0.02,4.31
2.0,2.0
2.0,2.0
2.0,2.0
2.0,3.0
2.0,3.0
2.0,3.0
2.0,3.75
2.0,3.75
2.0,3.75
0.02,2.76
0.02,2.76
0.02,2.76
0.02,3.0
0.02,3.0
0.02,3.0
0.02,3.75
0.02,3.75
0.02,3.75
0.02,3.4
0.02,3.4
0.02,3.4
0.02,3.0
0.02,3.0
0.02,3.0
0.02,3.75
0.02,3.75
0.02,3.75
2.0,2.0
2.0,2.0
2.0,2.0
2.0,2.08
2.0,3.3
2.0,3.95
2.0,2.1
2.0,3.35
2.0,4.0
0.02,3.12
0.02,3.24
0.02,3.92
0.02,3.1
0.02,3.3
0.02,3.95
0.02,3.1
0.02,3.35
0.02,4.0
0.02,3.64
0.02,3.32
0.02,3.97
0.02,3.62
0.02,3.3
0.02,3.95
0.02,3.67
0.02,3.35
0.02,4.0
2.0,2.0
2.0,2.0
2.0,2.0
2.0,4.26
2.0,4.26
2.0,4.26
2.0,4.31
2.0,4.31
2.0,4.31
0.02,4.2
0.02,4.2
0.02,4.2
0.02,4.26
0.02,4.26
0.02,4.26
0.02,4.31
0.02,4.31
0.02,4.31
0.02,4.28
0.02,4.28
0.02,4.28
0.02,4.26
0.02,4.26
0.02,4.26
0.02,4.31
0.02,4.31
0.02,4.31
2.0,2.0
2.0,2.0
2.0,2.0
2.0,3.0
2.0,3.0
2.0,3.0
2.0,3.75
2.0,3.75
2.0,3.75
0.02,2.76
0.02,2.76
0.02,2.76
0.02,3.0
0.02,3.0
0.02,3.0
0.02,3.75
0.02,3.75
0.02,3.75
0.02,3.4
0.02,3.4
0.02,3.4
0.02,3.0
0.02,3.0
0.02,3.0
0.02,3.75
0.02,3.75
0.02,3.75
2.0,2.0
2.0,2.0
2.0,2.0
2.0,4.9
2.0,4.9
2.0,4.9
2.0,4.95
2.0,4.95
2.0,4.95
0.02,4.87
0.02,4.87
0.02,4.87
0.02,4.9
0.02,4.9
0.02,4.9
0.02,4.95
0.02,4.95
0.02,4.95
0.02,4.92
0.02,4.92
0.02,4.92
0.02,4.9
0.02,4.9
0.02,4.9
0.02,4.95
0.02,4.95
0.02,4.95
2.0,2.0
2.0,2.0
2.0,2.0
2.0,4.26
2.0,4.26
2.0,4.26
2.0,4.31
2.0,4.31
2.0,4.31
0.02,4.2
0.02,4.2
0.02,4.2
0.02,4.26
0.02,4.26
0.02,4.26
0.02,4.31
0.02,4.31
0.02,4.31
0.02,4.28
0.02,4.28
0.02,4.28
0.02,4.26
0.02,4.26
0.02,4.26
0.02,4.31
0.02,4.31
0.02,4.31
2.0,2.0
2.0,2.0
2.0,2.0
2.0,3.0
2.0,3.0
2.0,3.0
2.0,3.75
2.0,3.75
2.0,3.75
0.02,2.76
0.02,2.76
0.02,2.76
0.02,3.0
0.02,3.0
0.02,3.0
0.02,3.75
0.02,3.75
0.02,3.75
0.02,3.4
0.02,3.4
0.02,3.4
0.02,3.0
0.02,3.0
0.02,3.0
0.02,3.75
0.02,3.75
0.02,3.75
2.0,2.0
2.0,2.0
2.0,2.0
2.0,4.42
2.0,4.42
2.0,4.42
2.0,4.47
2.0,4.47
2.0,4.47
0.02,4.36
0.02,4.36
0.02,4.36
0.02,4.42
0.02,4.42
0.02,4.42
0.02,4.47
0.02,4.47
0.02,4.47
0.02,4.44
0.02,4.44
0.02,4.44
0.02,4.42
0.02,4.42
0.02,4.42
0.02,4.47
0.02,4.47
0.02,4.47
2.0,2.0
2.0,2.0
2.0,2.0
2.0,4.26
2.0,4.26
2.0,4.26
2.0,4.31
2.0,4.31
2.0,4.31
0.02,4.2
0.02,4.2
0.02,4.2
0.02,4.26
0.02,4.26
0.02,4.26
0.02,4.31
0.02,4.31
0.02,4.31
0.02,4.28
0.02,4.28
0.02,4.28
0.02,4.26
0.02,4.26
0.02,4.26
0.02,4.31
0.02,4.31
0.02,4.31
2.0,2.0
2.0,2.0
2.0,2.0
2.0,1.0
2.0,1.0
2.0,1.0
2.0,7.86
2.0,7.86
2.0,7.86
1.0,1.34
1.0,1.34
1.0,1.34
1.0,1.0
1.0,1.0
1.0,1.0
1.0,7.86
1.0,7.86
1.0,7.86
0.02,7.8
0.02,7.8
0.02,7.8
0.02,1.0
0.02,1.0
0.02,1.0
0.02,7.86
0.02,7.86
0.02,7.86
2.0,2.0
2.0,2.0
2.0,2.0
2.0,1.0
2.0,1.0
2.0,1.0
2.0,7.86
2.0,7.86
2.0,7.86
1.0,1.34
1.0,1.34
1.0,1.34
1.0,1.0
1.0,1.0
1.0,1.0
1.0,7.86
1.0,7.86
1.0,7.86
0.02,7.8
0.02,7.8
0.02,7.8
0.02,1.0
0.02,1.0
0.02,1.0
0.02,7.86
0.02,7.86
0.02,7.86
2.0,2.0
2.0,2.0
2.0,2.0
2.0,1.0
2.0,1.0
2.0,1.0
2.0,7.86
2.0,7.86
2.0,7.86
1.0,1.34
1.0,1.34
1.0,1.34
1.0,1.0
1.0,1.0
1.0,1.0
1.0,7.86
1.0,7.86
1.0,7.86
0.02,7.8
0.02,7.8
0.02,7.8
0.02,1.0
0.02,1.0
0.02,1.0
0.02,7.86
0.02,7.86
0.02,7.86
2.0,2.0
2.0,2.0
2.0,2.0
2.0,1.0
2.0,1.0
2.0,1.0
2.0,7.86
2.0,7.86
2.0,7.86
1.0,1.34
1.0,1.34
1.0,1.34
1.0,1.0
1.0,1.0
1.0,1.0
1.0,7.86
1.0,7.86
1.0,7.86
0.02,7.8
0.02,7.8
0.02,7.8
0.02,1.0
0.02,1.0
0.02,1.0
0.02,7.86
0.02,7.86
0.02,7.86
2.0,2.0
2.0,2.0
2.0,2.0
2.0,1.0
2.0,1.0
2.0,1.0
2.0,7.86
2.0,7.86
2.0,7.86
1.0,1.34
1.0,1.34
1.0,1.34
1.0,1.0
1.0,1.0
1.0,1.0
1.0,7.86
1.0,7.86
1.0,7.86
0.02,7.8
0.02,7.8
0.02,7.8
0.02,1.0
0.02,1.0
0.02,1.0
0.02,7.86
0.02,7.86
0.02,7.86
2.0,2.0
2.0,2.0
2.0,2.0
2.0,1.0
2.0,1.0
2.0,1.0
2.0,7.86
2.0,7.86
2.0,7.86
1.0,1.34
1.0,1.34
1.0,1.34
1.0,1.0
1.0,1.0
1.0,1.0
1.0,7.86
1.0,7.86
1.0,7.86
0.02,7.8
0.02,7.8
0.02,7.8
0.02,1.0
0.02,1.0
0.02,1.0
0.02,7.86
0.02,7.86
0.02,7.86
2.0,2.0
2.0,2.0
2.0,2.0
2.0,1.0
2.0,1.0
2.0,1.0
2.0,7.86
2.0,7.86
2.0,7.86
1.0,1.34
1.0,1.34
1.0,1.34
1.0,1.0
1.0,1.0
1.0,1.0
1.0,7.86
1.0,7.86
1.0,7.86
0.02,7.8
0.02,7.8
0.02,7.8
0.02,1.0
0.02,1.0
0.02,1.0
0.02,7.86
0.02,7.86
0.02,7.86
2.0,2.0
2.0,2.0
2.0,2.0
2.0,1.0
2.0,1.0
2.0,1.0
2.0,7.86
2.0,7.86
2.0,7.86
1.0,1.34
1.0,1.34
1.0,1.34
1.0,1.0
1.0,1.0
1.0,1.0
1.0,7.86
1.0,7.86
1.0,7.86
0.02,7.8
0.02,7.8
0.02,7.8
0.02,1.0
0.02,1.0
0.02,1.0
0.02,7.86
0.02,7.86
0.02,7.86
2.0,2.0
2.0,2.0
2.0,2.0
2.0,1.0
2.0,1.0
2.0,1.0
2.0,7.86
2.0,7.86
2.0,7.86
1.0,1.34
1.0,1.34
1.0,1.34
1.0,1.0
1.0,1.0
1.0,1.0
1.0,7.86
1.0,7.86
1.0,7.86
0.02,7.8
0.02,7.8
0.02,7.8
0.02,1.0
0.02,1.0
0.02,1.0
0.02,7.86
0.02,7.86
0.02,7.86
2.0,2.0
2.0,2.0
2.0,2.0
2.0,2.01
2.0,2.33
2.0,7.69
2.0,7.86
2.0,7.86
2.0,7.86
0.02,2.25
0.02,2.33
0.02,7.63
0.02,2.25
0.02,2.33
0.02,7.69
0.02,7.86
0.02,7.86
0.02,7.86
0.02,7.8
0.02,7.8
0.02,7.8
0.02,7.63
0.02,2.33
0.02,7.69
0.02,7.86
0.02,7.86
0.02,7.86
2.0,2.0
2.0,2.0
2.0,2.0
2.0,2.01
2.0,2.33
2.0,7.69
2.0,7.86
2.0,7.86
2.0,7.86
0.02,2.25
0.02,2.33
0.02,7.63
0.02,2.25
0.02,2.33
0.02,7.69
0.02,7.86
0.02,7.86
0.02,7.86
0.02,7.8
0.02,7.8
0.02,7.8
0.02,7.63
0.02,2.33
0.02,7.69
0.02,7.86
0.02,7.86
0.02,7.86
2.0,2.0
2.0,2.0
2.0,2.0
2.0,2.01
2.0,2.33
2.0,7.69
2.0,7.86
2.0,7.86
2.0,7.86
0.02,2.25
0.02,2.33
0.02,7.63
0.02,2.25
0.02,2.33
0.02,7.69
0.02,7.86
0.02,7.86
0.02,7.86
0.02,7.8
0.02,7.8
0.02,7.8
0.02,7.63
0.02,2.33
0.02,7.69
0.02,7.86
0.02,7.86
0.02,7.86
2.0,2.0
2.0,2.0
2.0,2.0
2.0,4.92
2.0,4.92
2.0,4.92
2.0,7.86
2.0,7.86
2.0,7.86
0.02,4.89
0.02,4.89
0.02,4.89
0.02,4.92
0.02,4.92
0.02,4.92
0.02,7.86
0.02,7.86
0.02,7.86
0.02,7.8
0.02,7.8
0.02,7.8
0.02,4.92
0.02,4.92
0.02,4.92
0.02,7.86
0.02,7.86
0.02,7.86
2.0,2.0
2.0,2.0
2.0,2.0
2.0,4.92
2.0,4.92
2.0,4.92
2.0,7.86
2.0,7.86
2.0,7.86
0.02,4.89
0.02,4.89
0.02,4.89
0.02,4.92
0.02,4.92
0.02,4.92
0.02,7.86
0.02,7.86
0.02,7.86
0.02,7.8
0.02,7.8
0.02,7.8
0.02,4.92
0.02,4.92
0.02,4.92
0.02,7.86
0.02,7.86
0.02,7.86
2.0,2.0
2.0,2.0
2.0,2.0
2.0,4.92
2.0,4.92
2.0,4.92
2.0,7.86
2.0,7.86
2.0,7.86
0.02,4.89
0.02,4.89
0.02,4.89
0.02,4.92
0.02,4.92
0.02,4.92
0.02,7.86
0.02,7.86
0.02,7.86
0.02,7.8
0.02,7.8
0.02,7.8
0.02,4.92
0.02,4.92
0.02,4.92
0.02,7.86
0.02,7.86
0.02,7.86
2.0,2.0
2.0,2.0
2.0,2.0
2.0,7.75
2.0,7.75
2.0,7.75
2.0,7.86
2.0,7.86
2.0,7.86
0.02,7.69
0.02,7.69
0.02,7.69
0.02,7.75
0.02,7.75
0.02,7.75
0.02,7.86
0.02,7.86
0.02,7.86
0.02,7.8
0.02,7.8
0.02,7.8
0.02,7.75
0.02,7.75
0.02,7.75
0.02,7.86
0.02,7.86
0.02,7.86
2.0,2.0
2.0,2.0
2.0,2.0
2.0,7.75
2.0,7.75
2.0,7.75
2.0,7.86
2.0,7.86
2.0,7.86
0.02,7.69
0.02,7.69
0.02,7.69
0.02,7.75
0.02,7.75
0.02,7.75
0.02,7.86
0.02,7.86
0.02,7.86
0.02,7.8
0.02,7.8
0.02,7.8
0.02,7.75
0.02,7.75
0.02,7.75
0.02,7.86
0.02,7.86
0.02,7.86
2.0,2.0
2.0,2.0
2.0,2.0
2.0,7.75
2.0,7.75
2.0,7.75
2.0,7.86
2.0,7.86
2.0,7.86
0.02,7.69
0.02,7.69
0.02,7.69
0.02,7.75
0.02,7.75
0.02,7.75
0.02,7.86
0.02,7.86
0.02,7.86
0.02,7.8
0.02,7.8
0.02,7.8
0.02,7.75
0.02,7.75
0.02,7.75
0.02,7.86
0.02,7.86
0.02,7.86
2.0,2.0
2.0,2.0
2.0,2.0
2.0,7.78
2.0,7.78
2.0,7.78
2.0,7.86
2.0,7.86
2.0,7.86
0.02,7.72
0.02,7.72
0.02,7.72
0.02,7.78
0.02,7.78
0.02,7.78
0.02,7.86
0.02,7.86
0.02,7.86
0.02,7.8
0.02,7.8
0.02,7.8
0.02,7.78
0.02,7.78
0.02,7.78
0.02,7.86
0.02,7.86
0.02,7.86
2.0,2.0
2.0,2.0
2.0,2.0
2.0,7.78
2.0,7.78
2.0,7.78
2.0,7.86
2.0,7.86
2.0,7.86
0.02,7.72
0.02,7.72
0.02,7.72
0.02,7.78
0.02,7.78
0.02,7.78
0.02,7.86
0.02,7.86
0.02,7.86
0.02,7.8
0.02,7.8
0.02,7.8
0.02,7.78
0.02,7.78
0.02,7.78
0.02,7.86
0.02,7.86
0.02,7.86
2.0,2.0
2.0,2.0
2.0,2.0
2.0,7.78
2.0,7.78
2.0,7.78
2.0,7.86
2.0,7.86
2.0,7.86
0.02,7.72
0.02,7.72
0.02,7.72
0.02,7.78
0.02,7.78
0.02,7.78
0.02,7.86
0.02,7.86
0.02,7.86
0.02,7.8
0.02,7.8
0.02,7.8
0.02,7.78
0.02,7.78
0.02,7.78
0.02,7.86
0.02,7.86
0.02,7.86
2.0,2.0
2.0,2.0
2.0,2.0
2.0,7.78
2.0,7.78
2.0,7.78
2.0,7.86
2.0,7.86
2.0,7.86
0.02,7.72
0.02,7.72
0.02,7.72
0.02,7.78
0.02,7.78
0.02,7.78
0.02,7.86
0.02,7.86
0.02,7.86
0.02,7.8
0.02,7.8
0.02,7.8
0.02,7.78
0.02,7.78
0.02,7.78
0.02,7.86
0.02,7.86
0.02,7.86
2.0,2.0
2.0,2.0
2.0,2.0
2.0,7.78
2.0,7.78
2.0,7.78
2.0,7.86
2.0,7.86
2.0,7.86
0.02,7.72
0.02,7.72
0.02,7.72
0.02,7.78
0.02,7.78
0.02,7.78
0.02,7.86
0.02,7.86
0.02,7.86
0.02,7.8
0.02,7.8
0.02,7.8
0.02,7.78
0.02,7.78
0.02,7.78
0.02,7.86
0.02,7.86
0.02,7.86
2.0,2.0
2.0,2.0
2.0,2.0
2.0,7.78
2.0,7.78
2.0,7.78
2.0,7.86
2.0,7.86
2.0,7.86
0.02,7.72
0.02,7.72
0.02,7.72
0.02,7.78
0.02,7.78
0.02,7.78
0.02,7.86
0.02,7.86
0.02,7.86
0.02,7.8
0.02,7.8
0.02,7.8
0.02,7.78
0.02,7.78
0.02,7.78
0.02,7.86
0.02,7.86
0.02,7.86
2.0,2.0
2.0,2.0
2.0,2.0
2.0,7.78
2.0,7.78
2.0,7.78
2.0,7.86
2.0,7.86
2.0,7.86
0.02,7.72
0.02,7.72
0.02,7.72
0.02,7.78
0.02,7.78
0.02,7.78
0.02,7.86
0.02,7.86
0.02,7.86
0.02,7.8
0.02,7.8
0.02,7.8
0.02,7.78
0.02,7.78
0.02,7.78
0.02,7.86
0.02,7.86
0.02,7.86
2.0,2.0
2.0,2.0
2.0,2.0
2.0,7.78
2.0,7.78
2.0,7.78
2.0,7.86
2.0,7.86
2.0,7.86
0.02,7.72
0.02,7.72
0.02,7.72
0.02,7.78
0.02,7.78
0.02,7.78
0.02,7.86
0.02,7.86
0.02,7.86
0.02,7.8
0.02,7.8
0.02,7.8
0.02,7.78
0.02,7.78
0.02,7.78
0.02,7.86
0.02,7.86
0.02,7.86
2.0,2.0
2.0,2.0
2.0,2.0
2.0,7.78
2.0,7.78
2.0,7.78
2.0,7.86
2.0,7.86
2.0,7.86
0.02,7.72
0.02,7.72
0.02,7.72
0.02,7.78
0.02,7.78
0.02,7.78
0.02,7.86
0.02,7.86
0.02,7.86
0.02,7.8
0.02,7.8
0.02,7.8
0.02,7.78
0.02,7.78
0.02,7.78
0.02,7.86
0.02,7.86
0.02,7.86
1.98,2.03
1.98,2.01
1.98,1.05
1.98,2.03
1.98,1.05
1.98,1.05
1.98,2.03
1.98,1.05
1.98,1.05
1.0,1.37
1.0,1.37
1.0,1.05
1.0,1.05
1.0,1.05
1.0,1.05
1.0,1.25
1.0,1.05
1.0,1.05
1.0,1.37
1.0,1.25
1.0,1.05
1.0,1.37
1.0,1.05
1.0,1.05
1.0,1.37
1.0,1.05
1.0,1.05
1.98,2.03
1.98,2.01
1.98,1.05
1.98,2.03
1.98,1.05
1.98,1.05
1.98,2.03
1.98,1.05
1.98,1.05
1.0,1.37
1.0,1.37
1.0,1.05
1.0,1.05
1.0,1.05
1.0,1.05
1.0,1.25
1.0,1.05
1.0,1.05
1.0,1.37
1.0,1.25
1.0,1.05
1.0,1.37
1.0,1.05
1.0,1.05
1.0,1.37
1.0,1.05
1.0,1.05
1.98,2.03
1.98,2.01
1.98,1.05
1.98,2.03
1.98,1.05
1.98,1.05
1.98,2.03
1.98,1.05
1.98,1.05
1.0,1.37
1.0,1.37
1.0,1.05
1.0,1.05
1.0,1.05
1.0,1.05
1.0,1.25
1.0,1.05
1.0,1.05
1.0,1.37
1.0,1.25
1.0,1.05
1.0,1.37
1.0,1.05
1.0,1.05
1.0,1.37
1.0,1.05
1.0,1.05
1.98,5.0
1.98,5.0
1.98,5.0
1.98,5.0
1.98,5.0
1.98,5.0
1.98,5.0
1.98,5.0
1.98,5.0
1.0,5.0
1.0,5.0
1.0,5.0
1.0,5.0
1.0,5.0
1.0,5.0
1.0,5.0
1.0,5.0
1.0,5.0
1.0,5.0
1.0,5.0
1.0,5.0
1.0,5.0
1.0,5.0
1.0,5.0
1.0,5.0
1.0,5.0
1.0,5.0
1.98,5.0
1.98,5.0
1.98,5.0
1.98,5.0
1.98,5.0
1.98,5.0
1.98,5.0
1.98,5.0
1.98,5.0
1.0,5.0
1.0,5.0
1.0,5.0
1.0,5.0
1.0,5.0
1.0,5.0
1.0,5.0
1.0,5.0
1.0,5.0
1.0,5.0
1.0,5.0
1.0,5.0
1.0,5.0
1.0,5.0
1.0,5.0
1.0,5.0
1.0,5.0
1.0,5.0
1.98,5.0
1.98,5.0
1.98,5.0
1.98,5.0
1.98,5.0
1.98,5.0
1.98,5.0
1.98,5.0
1.98,5.0
1.0,5.0
1.0,5.0
1.0,5.0
1.0,5.0
1.0,5.0
1.0,5.0
1.0,5.0
1.0,5.0
1.0,5.0
1.0,5.0
1.0,5.0
1.0,5.0
1.0,5.0
1.0,5.0
1.0,5.0
1.0,5.0
1.0,5.0
1.0,5.0
1.98,2.01
1.98,1.99
1.98,1.03
1.98,2.01
1.98,1.03
1.98,1.03
1.98,2.01
1.98,1.03
1.98,1.03
1.0,1.37
1.0,1.35
1.0,1.03
1.0,1.05
1.0,1.03
1.0,1.03
1.0,1.23
1.0,1.03
1.0,1.03
1.0,1.37
1.0,1.23
1.0,1.03
1.0,1.37
1.0,1.03
1.0,1.03
1.0,1.37
1.0,1.03
1.0,1.03
1.98,2.01
1.98,1.99
1.98,1.03
1.98,2.01
1.98,1.03
1.98,1.03
1.98,2.01
1.98,1.03
1.98,1.03
1.0,1.37
1.0,1.35
1.0,1.03
1.0,1.05
1.0,1.03
1.0,1.03
1.0,1.23
1.0,1.03
1.0,1.03
1.0,1.37
1.0,1.23
1.0,1.03
1.0,1.37
1.0,1.03
1.0,1.03
1.0,1.37
1.0,1.03
1.0,1.03
1.98,2.01
1.98,1.99
1.98,1.03
1.98,2.01
1.98,1.03
1.98,1.03
1.98,2.01
1.98,1.03
1.98,1.03
1.0,1.37
1.0,1.35
1.0,1.03
1.0,1.05
1.0,1.03
1.0,1.03
1.0,1.23
1.0,1.03
1.0,1.03
1.0,1.37
1.0,1.23
1.0,1.03
1.0,1.37
1.0,1.03
1.0,1.03
1.0,1.37
1.0,1.03
1.0,1.03
0.0,2.03
0.0,2.36
0.0,1.05
0.0,2.03
0.0,2.36
0.0,1.05
0.0,2.03
0.0,2.36
0.0,1.05
0.0,2.25
0.0,2.36
0.0,1.05
0.0,2.25
0.0,2.36
0.0,1.05
0.0,2.25
0.0,2.36
0.0,1.05
0.0,1.37
0.0,2.36
0.0,1.05
0.0,1.37
0.0,2.36
0.0,1.05
0.0,1.37
0.0,2.36
0.0,1.05
0.0,2.03
0.0,2.36
0.0,1.05
0.0,2.03
0.0,2.36
0.0,1.05
0.0,2.03
0.0,2.36
0.0,1.05
0.0,2.25
0.0,2.36
0.0,1.05
0.0,2.25
0.0,2.36
0.0,1.05
0.0,2.25
0.0,2.36
0.0,1.05
0.0,1.37
0.0,2.36
0.0,1.05
0.0,1.37
0.0,2.36
0.0,1.05
0.0,1.37
0.0,2.36
0.0,1.05
0.0,2.03
0.0,2.36
0.0,1.05
0.0,2.03
0.0,2.36
0.0,1.05
0.0,2.03
0.0,2.36
0.0,1.05
0.0,2.25
0.0,2.36
0.0,1.05
0.0,2.25
0.0,2.36
0.0,1.05
0.0,2.25
0.0,2.36
0.0,1.05
0.0,1.37
0.0,2.36
0.0,1.05
