0.66,1.0
0.66,1.0
0.66,0.66
0.66,1.0
1.0,1.32
1.0,0.66
1.0,1.0
1.0,1.32
1.0,0.66
1.0,1.0
1.0,1.32
1.0,0.66
1.0,1.0
1.98,1.98
1.98,0.66
1.98,1.0
1.98,1.98
1.98,0.66
1.98,1.0
1.98,1.98
1.98,0.66
1.98,1.0
0.66,1.0
0.66,0.66
0.66,1.0
0.66,1.0
0.66,0.66
0.66,1.0
0.66,1.0
0.66,0.66
0.66,1.0
1.0,1.32
1.0,0.66
1.0,1.0
1.0,1.32
1.0,0.66
1.0,1.0
1.0,1.32
1.0,0.66
1.0,1.0
1.98,1.98
1.98,0.66
1.98,1.0
1.98,1.98
1.98,0.66
1.98,1.0
1.98,1.98
1.98,0.66
1.98,1.0
0.66,1.0
0.66,0.66
0.66,1.0
0.66,1.0
0.66,0.66
0.66,1.0
0.66,1.0
0.66,0.66
0.66,1.0
1.0,1.32
1.0,0.66
1.0,1.0
1.0,1.32
1.0,0.66
1.0,1.0
1.0,1.32
1.0,0.66
1.0,1.0
1.98,1.98
1.98,0.66
1.98,1.0
1.98,1.98
1.98,0.66
1.98,1.0
1.98,1.98
1.98,0.66
1.98,1.0
0.66,1.0
0.66,0.66
0.66,1.0
0.66,1.0
0.66,0.66
0.66,1.0
0.66,1.0
0.66,0.66
0.66,1.0
1.0,1.32
1.0,0.66
1.0,1.0
1.0,1.32
1.0,0.66
1.0,1.0
1.0,1.32
1.0,0.66
1.0,1.0
1.98,1.98
1.98,1.96
1.98,1.0
1.98,1.98
1.98,1.0
1.98,1.0
1.98,1.98
1.98,1.0
1.98,1.0
1.0,1.32
1.0,1.32
1.0,1.0
1.0,1.0
1.0,1.0
1.0,1.0
1.0,1.2
1.0,1.0
1.0,1.0
1.0,1.32
1.0,1.2
1.0,1.0
1.0,1.32
1.0,1.0
1.0,1.0
1.0,1.32
1.0,1.0
1.0,1.0
1.98,1.98
1.98,1.96
1.98,1.0
1.98,1.98
1.98,1.0
1.98,1.0
1.98,1.98
1.98,1.0
1.98,1.0
1.0,1.32
1.0,1.32
1.0,1.0
1.0,1.0
1.0,1.0
1.0,1.0
1.0,1.2
1.0,1.0
1.0,1.0
1.0,1.32
1.0,1.2
1.0,1.0
1.0,1.32
1.0,1.0
1.0,1.0
1.0,1.32
1.0,1.0
1.0,1.0
1.98,1.98
1.98,1.96
1.98,1.0
1.98,1.98
1.98,1.0
1.98,1.0
1.98,1.98
1.98,1.0
1.98,1.0
1.0,1.32
1.0,1.32
1.0,1.0
1.0,1.0
1.0,1.0
1.0,1.0
1.0,1.2
1.0,1.0
1.0,1.0
1.0,1.32
1.0,1.2
1.0,1.0
1.0,1.32
1.0,1.0
1.0,1.0
1.0,1.32
1.0,1.0
1.0,1.0
1.98,1.98
1.98,1.96
1.98,1.0
1.98,1.98
1.98,1.0
1.98,1.0
1.98,1.98
1.98,1.0
1.98,1.0
1.0,1.32
1.0,1.32
1.0,1.0
1.0,1.0
1.0,1.0
1.0,1.0
1.0,1.2
1.0,1.0
1.0,1.0
1.0,1.32
1.0,1.2
1.0,1.0
1.0,1.32
1.0,1.0
1.0,1.0
1.0,1.32
1.0,1.0
1.0,1.0
1.98,1.98
1.98,1.96
1.98,1.0
1.98,1.98
1.98,1.0
1.98,1.0
1.98,1.98
1.98,1.0
1.98,1.0
1.0,1.32
1.0,1.32
1.0,1.0
1.0,1.0
1.0,1.0
1.0,1.0
1.0,1.2
1.0,1.0
1.0,1.0
1.0,1.32
1.0,1.2
1.0,1.0
1.0,1.32
1.0,1.0
1.0,1.0
1.0,1.32
1.0,1.0
1.0,1.0
1.98,1.98
1.98,1.96
1.98,1.0
1.98,1.98
1.98,1.0
1.98,1.0
1.98,1.98
1.98,1.0
1.98,1.0
1.0,1.32
1.0,1.32
1.0,1.0
1.0,1.0
1.0,1.0
1.0,1.0
1.0,1.2
1.0,1.0
1.0,1.0
1.0,1.32
1.0,1.2
1.0,1.0
1.0,1.32
1.0,1.0
1.0,1.0
1.0,1.32
1.0,1.0
1.0,1.0
1.98,1.98
1.98,1.96
1.98,1.0
1.98,1.98
1.98,1.0
1.98,1.0
1.98,1.98
1.98,1.0
1.98,1.0
1.0,1.32
1.0,1.32
1.0,1.0
1.0,1.0
1.0,1.0
1.0,1.0
1.0,1.2
1.0,1.0
1.0,1.0
1.0,1.32
1.0,1.2
1.0,1.0
1.0,1.32
1.0,1.0
1.0,1.0
1.0,1.32
1.0,1.0
1.0,1.0
1.98,1.98
1.98,1.96
1.98,1.0
1.98,1.98
1.98,1.0
1.98,1.0
1.98,1.98
1.98,1.0
1.98,1.0
1.0,1.32
1.0,1.32
1.0,1.0
1.0,1.0
1.0,1.0
1.0,1.0
1.0,1.2
1.0,1.0
1.0,1.0
1.0,1.32
1.0,1.2
1.0,1.0
1.0,1.32
1.0,1.0
1.0,1.0
1.0,1.32
1.0,1.0
1.0,1.0
1.98,1.98
1.98,1.96
1.98,1.0
1.98,1.98
1.98,1.0
1.98,1.0
1.98,1.98
1.98,1.0
1.98,1.0
1.0,1.32
1.0,1.32
1.0,1.0
1.0,1.0
1.0,1.0
1.0,1.0
1.0,1.2
1.0,1.0
1.0,1.0
1.0,1.32
1.0,1.2
1.0,1.0
1.0,1.32
1.0,1.0
1.0,1.0
1.0,1.32
1.0,1.0
1.0,1.0
1.98,1.98
1.98,2.31
1.98,1.0
1.98,1.98
1.98,2.31
1.98,1.0
1.98,1.98
1.98,2.31
1.98,1.0
0.02,2.2
0.02,2.31
0.02,1.0
0.02,2.2
0.02,2.31
0.02,1.0
0.02,2.2
0.02,2.31
0.02,1.0
1.0,1.32
1.0,2.31
1.0,1.0
1.0,1.32
1.0,2.31
1.0,1.0
1.0,1.32
1.0,2.31
1.0,1.0
1.98,1.98
1.98,2.31
1.98,1.0
1.98,1.98
1.98,2.31
1.98,1.0
1.98,1.98
1.98,2.31
1.98,1.0
0.02,2.2
0.02,2.31
0.02,1.0
0.02,2.2
0.02,2.31
0.02,1.0
0.02,2.2
0.02,2.31
0.02,1.0
1.0,1.32
1.0,2.31
1.0,1.0
1.0,1.32
1.0,2.31
1.0,1.0
1.0,1.32
1.0,2.31
1.0,1.0
1.98,1.98
1.98,2.31
1.98,1.0
1.98,1.98
1.98,2.31
1.98,1.0
1.98,1.98
1.98,2.31
1.98,1.0
0.02,2.2
0.02,2.31
0.02,1.0
0.02,2.2
0.02,2.31
0.02,1.0
0.02,2.2
0.02,2.31
0.02,1.0
1.0,1.32
1.0,2.31
1.0,1.0
1.0,1.32
1.0,2.31
1.0,1.0
1.0,1.32
1.0,2.31
1.0,1.0
1.98,1.98
1.98,4.87
1.98,1.0
1.98,1.98
1.98,4.87
1.98,1.0
1.98,1.98
1.98,4.87
1.98,1.0
0.02,4.84
0.02,4.87
0.02,1.0
0.02,4.84
0.02,4.87
0.02,1.0
0.02,4.84
0.02,4.87
0.02,1.0
1.0,1.32
1.0,4.87
1.0,1.0
1.0,1.32
1.0,4.87
1.0,1.0
1.0,1.32
1.0,4.87
1.0,1.0
1.98,1.98
1.98,4.87
1.98,1.0
1.98,1.98
1.98,4.87
1.98,1.0
1.98,1.98
1.98,4.87
1.98,1.0
0.02,4.84
0.02,4.87
0.02,1.0
0.02,4.84
0.02,4.87
0.02,1.0
0.02,4.84
0.02,4.87
0.02,1.0
1.0,1.32
1.0,4.87
1.0,1.0
1.0,1.32
1.0,4.87
1.0,1.0
1.0,1.32
1.0,4.87
1.0,1.0
1.98,1.98
1.98,4.87
1.98,1.0
1.98,1.98
1.98,4.87
1.98,1.0
1.98,1.98
1.98,4.87
1.98,1.0
0.02,4.84
0.02,4.87
0.02,1.0
0.02,4.84
0.02,4.87
0.02,1.0
0.02,4.84
0.02,4.87
0.02,1.0
1.0,1.32
1.0,4.87
1.0,1.0
1.0,1.32
1.0,4.87
1.0,1.0
1.0,1.32
1.0,4.87
1.0,1.0
1.98,1.98
1.98,1.75
1.98,1.0
1.98,1.98
1.98,1.75
1.98,1.0
1.98,1.98
1.98,1.75
1.98,1.0
0.02,1.8
0.02,1.75
0.02,1.0
0.02,1.8
0.02,1.75
0.02,1.0
0.02,1.8
0.02,1.75
0.02,1.0
1.0,1.32
1.0,1.75
1.0,1.0
1.0,1.32
1.0,1.75
1.0,1.0
1.0,1.32
1.0,1.75
1.0,1.0
1.98,1.98
1.98,1.75
1.98,1.0
1.98,1.98
1.98,1.75
1.98,1.0
1.98,1.98
1.98,1.75
1.98,1.0
0.02,1.8
0.02,1.75
0.02,1.0
0.02,1.8
0.02,1.75
0.02,1.0
0.02,1.8
0.02,1.75
0.02,1.0
1.0,1.32
1.0,1.75
1.0,1.0
1.0,1.32
1.0,1.75
1.0,1.0
1.0,1.32
1.0,1.75
1.0,1.0
1.98,1.98
1.98,1.75
1.98,1.0
1.98,1.98
1.98,1.75
1.98,1.0
1.98,1.98
1.98,1.75
1.98,1.0
0.02,1.8
0.02,1.75
0.02,1.0
0.02,1.8
0.02,1.75
0.02,1.0
0.02,1.8
0.02,1.75
0.02,1.0
1.0,1.32
1.0,1.75
1.0,1.0
1.0,1.32
1.0,1.75
1.0,1.0
1.0,1.32
1.0,1.75
1.0,1.0
1.98,1.98
1.98,0.66
1.98,1.0
1.98,1.98
1.98,0.66
1.98,1.0
1.98,1.98
1.98,0.66
1.98,1.0
0.66,1.0
0.66,0.66
0.66,1.0
0.66,1.0
0.66,0.66
0.66,1.0
0.66,1.0
0.66,0.66
0.66,1.0
1.0,1.32
1.0,0.66
1.0,1.0
1.0,1.32
1.0,0.66
1.0,1.0
1.0,1.32
1.0,0.66
1.0,1.0
1.98,1.98
1.98,0.66
1.98,1.0
1.98,1.98
1.98,0.66
1.98,1.0
1.98,1.98
1.98,0.66
1.98,1.0
0.66,1.0
0.66,0.66
0.66,1.0
0.66,1.0
0.66,0.66
0.66,1.0
0.66,1.0
0.66,0.66
0.66,1.0
1.0,1.32
1.0,0.66
1.0,1.0
1.0,1.32
1.0,0.66
1.0,1.0
1.0,1.32
1.0,0.66
1.0,1.0
1.98,1.98
1.98,0.66
1.98,1.0
1.98,1.98
1.98,0.66
1.98,1.0
1.98,1.98
1.98,0.66
1.98,1.0
0.66,1.0
0.66,0.66
0.66,1.0
0.66,1.0
0.66,0.66
0.66,1.0
0.66,1.0
0.66,0.66
0.66,1.0
1.0,1.32
1.0,0.66
1.0,1.0
1.0,1.32
1.0,0.66
1.0,1.0
1.0,1.32
1.0,0.66
1.0,1.0
1.98,1.98
1.98,0.66
1.98,1.0
1.98,1.98
1.98,0.66
1.98,1.0
1.98,1.98
1.98,0.66
1.98,1.0
0.66,1.0
0.66,0.66
0.66,1.0
0.66,1.0
0.66,0.66
0.66,1.0
0.66,1.0
0.66,0.66
0.66,1.0
1.0,1.32
1.0,0.66
1.0,1.0
1.0,1.32
1.0,0.66
1.0,1.0
1.0,1.32
1.0,0.66
1.0,1.0
1.98,1.98
1.98,0.66
1.98,1.0
1.98,1.98
1.98,0.66
1.98,1.0
1.98,1.98
1.98,0.66
1.98,1.0
0.66,1.0
0.66,0.66
0.66,1.0
0.66,1.0
0.66,0.66
0.66,1.0
0.66,1.0
0.66,0.66
0.66,1.0
1.0,1.32
1.0,0.66
1.0,1.0
1.0,1.32
1.0,0.66
1.0,1.0
1.0,1.32
1.0,0.66
1.0,1.0
1.98,1.98
1.98,0.66
1.98,1.0
1.98,1.98
1.98,0.66
1.98,1.0
1.98,1.98
1.98,0.66
1.98,1.0
0.66,1.0
0.66,0.66
0.66,1.0
0.66,1.0
0.66,0.66
0.66,1.0
0.66,1.0
0.66,0.66
0.66,1.0
1.0,1.32
1.0,0.66
1.0,1.0
1.0,1.32
1.0,0.66
1.0,1.0
1.0,1.32
1.0,0.66
1.0,1.0
1.98,1.98
1.98,0.66
1.98,1.0
1.98,1.98
1.98,0.66
1.98,1.0
1.98,1.98
1.98,0.66
1.98,1.0
0.66,1.0
0.66,0.66
0.66,1.0
0.66,1.0
0.66,0.66
0.66,1.0
0.66,1.0
0.66,0.66
0.66,1.0
1.0,1.32
1.0,0.66
1.0,1.0
1.0,1.32
1.0,0.66
1.0,1.0
1.0,1.32
1.0,0.66
1.0,1.0
1.98,1.98
1.98,0.66
1.98,1.0
1.98,1.98
1.98,0.66
1.98,1.0
1.98,1.98
1.98,0.66
1.98,1.0
0.66,1.0
0.66,0.66
0.66,1.0
0.66,1.0
0.66,0.66
0.66,1.0
0.66,1.0
0.66,0.66
0.66,1.0
1.0,1.32
1.0,0.66
1.0,1.0
1.0,1.32
1.0,0.66
1.0,1.0
1.0,1.32
1.0,0.66
1.0,1.0
1.98,1.98
1.98,0.66
1.98,1.0
1.98,1.98
1.98,0.66
1.98,1.0
1.98,1.98
1.98,0.66
1.98,1.0
0.66,1.0
0.66,0.66
0.66,1.0
0.66,1.0
0.66,0.66
0.66,1.0
0.66,1.0
0.66,0.66
0.66,1.0
1.0,1.32
1.0,0.66
1.0,1.0
1.0,1.32
1.0,0.66
1.0,1.0
1.0,1.32
1.0,0.66
1.0,1.0
1.98,1.98
1.98,1.96
1.98,1.0
1.98,1.98
1.98,1.0
1.98,1.0
1.98,1.98
1.98,1.0
1.98,1.0
1.0,1.32
1.0,1.32
1.0,1.0
1.0,1.0
1.0,1.0
1.0,1.0
1.0,1.2
1.0,1.0
1.0,1.0
1.0,1.32
1.0,1.2
1.0,1.0
1.0,1.32
1.0,1.0
1.0,1.0
1.0,1.32
1.0,1.0
1.0,1.0
1.98,1.98
1.98,1.96
1.98,1.0
1.98,1.98
1.98,1.0
1.98,1.0
1.98,1.98
1.98,1.0
1.98,1.0
1.0,1.32
1.0,1.32
1.0,1.0
1.0,1.0
1.0,1.0
1.0,1.0
1.0,1.2
1.0,1.0
1.0,1.0
1.0,1.32
1.0,1.2
1.0,1.0
1.0,1.32
1.0,1.0
1.0,1.0
1.0,1.32
1.0,1.0
1.0,1.0
1.98,1.98
1.98,1.96
1.98,1.0
1.98,1.98
1.98,1.0
1.98,1.0
1.98,1.98
1.98,1.0
1.98,1.0
1.0,1.32
1.0,1.32
1.0,1.0
1.0,1.0
1.0,1.0
1.0,1.0
1.0,1.2
1.0,1.0
1.0,1.0
1.0,1.32
1.0,1.2
1.0,1.0
1.0,1.32
1.0,1.0
1.0,1.0
1.0,1.32
1.0,1.0
1.0,1.0
1.98,1.98
1.98,1.96
1.98,1.0
1.98,1.98
1.98,1.0
1.98,1.0
1.98,1.98
1.98,1.0
1.98,1.0
1.0,1.32
1.0,1.32
1.0,1.0
1.0,1.0
1.0,1.0
1.0,1.0
1.0,1.2
1.0,1.0
1.0,1.0
1.0,1.32
1.0,1.2
1.0,1.0
1.0,1.32
1.0,1.0
1.0,1.0
1.0,1.32
1.0,1.0
1.0,1.0
1.98,1.98
1.98,1.96
1.98,1.0
1.98,1.98
1.98,1.0
1.98,1.0
1.98,1.98
1.98,1.0
1.98,1.0
1.0,1.32
1.0,1.32
1.0,1.0
1.0,1.0
1.0,1.0
1.0,1.0
1.0,1.2
1.0,1.0
1.0,1.0
1.0,1.32
1.0,1.2
1.0,1.0
1.0,1.32
1.0,1.0
1.0,1.0
1.0,1.32
1.0,1.0
1.0,1.0
1.98,1.98
1.98,1.96
1.98,1.0
1.98,1.98
1.98,1.0
1.98,1.0
1.98,1.98
1.98,1.0
1.98,1.0
1.0,1.32
1.0,1.32
1.0,1.0
1.0,1.0
1.0,1.0
1.0,1.0
1.0,1.2
1.0,1.0
1.0,1.0
1.0,1.32
1.0,1.2
1.0,1.0
1.0,1.32
1.0,1.0
1.0,1.0
1.0,1.32
1.0,1.0
1.0,1.0
1.98,1.98
1.98,1.96
1.98,1.0
1.98,1.98
1.98,1.0
1.98,1.0
1.98,1.98
1.98,1.0
1.98,1.0
1.0,1.32
1.0,1.32
1.0,1.0
1.0,1.0
1.0,1.0
1.0,1.0
1.0,1.2
1.0,1.0
1.0,1.0
1.0,1.32
1.0,1.2
1.0,1.0
1.0,1.32
1.0,1.0
1.0,1.0
1.0,1.32
1.0,1.0
1.0,1.0
1.98,1.98
1.98,1.96
1.98,1.0
1.98,1.98
1.98,1.0
1.98,1.0
1.98,1.98
1.98,1.0
1.98,1.0
1.0,1.32
1.0,1.32
1.0,1.0
1.0,1.0
1.0,1.0
1.0,1.0
1.0,1.2
1.0,1.0
1.0,1.0
1.0,1.32
1.0,1.2
1.0,1.0
1.0,1.32
1.0,1.0
1.0,1.0
1.0,1.32
1.0,1.0
1.0,1.0
1.98,1.98
1.98,1.96
1.98,1.0
1.98,1.98
1.98,1.0
1.98,1.0
1.98,1.98
1.98,1.0
1.98,1.0
1.0,1.32
1.0,1.32
1.0,1.0
1.0,1.0
1.0,1.0
1.0,1.0
1.0,1.2
1.0,1.0
1.0,1.0
1.0,1.32
1.0,1.2
1.0,1.0
1.0,1.32
1.0,1.0
1.0,1.0
1.0,1.32
1.0,1.0
1.0,1.0
1.98,1.98
1.98,2.31
1.98,1.0
1.98,1.98
1.98,2.31
1.98,1.0
1.98,1.98
1.98,2.31
1.98,1.0
0.02,2.2
0.02,2.31
0.02,1.0
0.02,2.2
0.02,2.31
0.02,1.0
0.02,2.2
0.02,2.31
0.02,1.0
1.0,1.32
1.0,2.31
1.0,1.0
1.0,1.32
1.0,2.31
1.0,1.0
1.0,1.32
1.0,2.31
1.0,1.0
1.98,1.98
1.98,2.31
1.98,1.0
1.98,1.98
1.98,2.31
1.98,1.0
1.98,1.98
1.98,2.31
1.98,1.0
0.02,2.2
0.02,2.31
0.02,1.0
0.02,2.2
0.02,2.31
0.02,1.0
0.02,2.2
0.02,2.31
0.02,1.0
1.0,1.32
1.0,2.31
1.0,1.0
1.0,1.32
1.0,2.31
1.0,1.0
1.0,1.32
1.0,2.31
1.0,1.0
1.98,1.98
1.98,2.31
1.98,1.0
1.98,1.98
1.98,2.31
1.98,1.0
1.98,1.98
1.98,2.31
1.98,1.0
0.02,2.2
0.02,2.31
0.02,1.0
0.02,2.2
0.02,2.31
0.02,1.0
0.02,2.2
0.02,2.31
0.02,1.0
1.0,1.32
1.0,2.31
1.0,1.0
1.0,1.32
1.0,2.31
1.0,1.0
1.0,1.32
1.0,2.31
1.0,1.0
1.98,1.98
1.98,4.87
1.98,1.0
1.98,1.98
1.98,4.87
1.98,1.0
1.98,1.98
1.98,4.87
1.98,1.0
0.02,4.84
0.02,4.87
0.02,1.0
0.02,4.84
0.02,4.87
0.02,1.0
0.02,4.84
0.02,4.87
0.02,1.0
1.0,1.32
1.0,4.87
1.0,1.0
1.0,1.32
1.0,4.87
1.0,1.0
1.0,1.32
1.0,4.87
1.0,1.0
1.98,1.98
1.98,4.87
1.98,1.0
1.98,1.98
1.98,4.87
1.98,1.0
1.98,1.98
1.98,4.87
1.98,1.0
0.02,4.84
0.02,4.87
0.02,1.0
0.02,4.84
0.02,4.87
0.02,1.0
0.02,4.84
0.02,4.87
0.02,1.0
1.0,1.32
1.0,4.87
1.0,1.0
1.0,1.32
1.0,4.87
1.0,1.0
1.0,1.32
1.0,4.87
1.0,1.0
1.98,1.98
1.98,4.87
1.98,1.0
1.98,1.98
1.98,4.87
1.98,1.0
1.98,1.98
1.98,4.87
1.98,1.0
0.02,4.84
0.02,4.87
0.02,1.0
0.02,4.84
0.02,4.87
0.02,1.0
0.02,4.84
0.02,4.87
0.02,1.0
1.0,1.32
1.0,4.87
1.0,1.0
1.0,1.32
1.0,4.87
1.0,1.0
1.0,1.32
1.0,4.87
1.0,1.0
1.98,1.98
1.98,1.75
1.98,1.0
1.98,1.98
1.98,1.75
1.98,1.0
1.98,1.98
1.98,1.75
1.98,1.0
0.02,1.8
0.02,1.75
0.02,1.0
0.02,1.8
0.02,1.75
0.02,1.0
0.02,1.8
0.02,1.75
0.02,1.0
1.0,1.32
1.0,1.75
1.0,1.0
1.0,1.32
1.0,1.75
1.0,1.0
1.0,1.32
1.0,1.75
1.0,1.0
1.98,1.98
1.98,1.75
1.98,1.0
1.98,1.98
1.98,1.75
1.98,1.0
1.98,1.98
1.98,1.75
1.98,1.0
0.02,1.8
0.02,1.75
0.02,1.0
0.02,1.8
0.02,1.75
0.02,1.0
0.02,1.8
0.02,1.75
0.02,1.0
1.0,1.32
1.0,1.75
1.0,1.0
1.0,1.32
1.0,1.75
1.0,1.0
1.0,1.32
1.0,1.75
1.0,1.0
1.98,1.98
1.98,1.75
1.98,1.0
1.98,1.98
1.98,1.75
1.98,1.0
1.98,1.98
1.98,1.75
1.98,1.0
0.02,1.8
0.02,1.75
0.02,1.0
0.02,1.8
0.02,1.75
0.02,1.0
0.02,1.8
0.02,1.75
0.02,1.0
1.0,1.32
1.0,1.75
1.0,1.0
1.0,1.32
1.0,1.75
1.0,1.0
1.0,1.32
1.0,1.75
1.0,1.0
1.98,1.98
1.98,0.66
1.98,1.0
1.98,1.98
1.98,0.66
1.98,1.0
1.98,1.98
1.98,0.66
1.98,1.0
0.66,1.0
0.66,0.66
0.66,1.0
0.66,1.0
0.66,0.66
0.66,1.0
0.66,1.0
0.66,0.66
0.66,1.0
1.0,1.32
1.0,0.66
1.0,1.0
1.0,1.32
1.0,0.66
1.0,1.0
1.0,1.32
1.0,0.66
1.0,1.0
1.98,1.98
1.98,0.66
1.98,1.0
1.98,1.98
1.98,0.66
1.98,1.0
1.98,1.98
1.98,0.66
1.98,1.0
0.66,1.0
0.66,0.66
0.66,1.0
0.66,1.0
0.66,0.66
0.66,1.0
0.66,1.0
0.66,0.66
0.66,1.0
1.0,1.32
1.0,0.66
1.0,1.0
1.0,1.32
1.0,0.66
1.0,1.0
1.0,1.32
1.0,0.66
1.0,1.0
1.98,1.98
1.98,0.66
1.98,1.0
1.98,1.98
1.98,0.66
1.98,1.0
1.98,1.98
1.98,0.66
1.98,1.0
0.66,1.0
0.66,0.66
0.66,1.0
0.66,1.0
0.66,0.66
0.66,1.0
0.66,1.0
0.66,0.66
0.66,1.0
1.0,1.32
1.0,0.66
1.0,1.0
1.0,1.32
1.0,0.66
1.0,1.0
1.0,1.32
1.0,0.66
1.0,1.0
1.98,1.98
1.98,0.66
1.98,1.0
1.98,1.98
1.98,0.66
1.98,1.0
1.98,1.98
1.98,0.66
1.98,1.0
0.66,1.0
0.66,0.66
0.66,1.0
0.66,1.0
0.66,0.66
0.66,1.0
0.66,1.0
0.66,0.66
0.66,1.0
1.0,1.32
1.0,0.66
1.0,1.0
1.0,1.32
1.0,0.66
1.0,1.0
1.0,1.32
1.0,0.66
1.0,1.0
1.98,1.98
1.98,0.66
1.98,1.0
1.98,1.98
1.98,0.66
1.98,1.0
1.98,1.98
1.98,0.66
1.98,1.0
0.66,1.0
0.66,0.66
0.66,1.0
0.66,1.0
0.66,0.66
0.66,1.0
0.66,1.0
0.66,0.66
0.66,1.0
1.0,1.32
1.0,0.66
1.0,1.0
1.0,1.32
1.0,0.66
1.0,1.0
1.0,1.32
1.0,0.66
1.0,1.0
1.98,1.98
1.98,0.66
1.98,1.0
1.98,1.98
1.98,0.66
1.98,1.0
1.98,1.98
1.98,0.66
1.98,1.0
0.66,1.0
0.66,0.66
0.66,1.0
0.66,1.0
0.66,0.66
0.66,1.0
0.66,1.0
0.66,0.66
0.66,1.0
1.0,1.32
1.0,0.66
1.0,1.0
1.0,1.32
1.0,0.66
1.0,1.0
1.0,1.32
1.0,0.66
1.0,1.0
1.98,1.98
1.98,0.66
1.98,1.0
1.98,1.98
1.98,0.66
1.98,1.0
1.98,1.98
1.98,0.66
1.98,1.0
0.66,1.0
0.66,0.66
0.66,1.0
0.66,1.0
0.66,0.66
0.66,1.0
0.66,1.0
0.66,0.66
0.66,1.0
1.0,1.32
1.0,0.66
1.0,1.0
1.0,1.32
1.0,0.66
1.0,1.0
1.0,1.32
1.0,0.66
1.0,1.0
1.98,1.98
1.98,0.66
1.98,1.0
1.98,1.98
1.98,0.66
1.98,1.0
1.98,1.98
1.98,0.66
1.98,1.0
0.66,1.0
0.66,0.66
0.66,1.0
0.66,1.0
0.66,0.66
0.66,1.0
0.66,1.0
0.66,0.66
0.66,1.0
1.0,1.32
1.0,0.66
1.0,1.0
1.0,1.32
1.0,0.66
1.0,1.0
1.0,1.32
1.0,0.66
1.0,1.0
1.98,1.98
1.98,0.66
1.98,1.0
1.98,1.98
1.98,0.66
1.98,1.0
1.98,1.98
1.98,0.66
1.98,1.0
0.66,1.0
0.66,0.66
0.66,1.0
0.66,1.0
0.66,0.66
0.66,1.0
0.66,1.0
0.66,0.66
0.66,1.0
1.0,1.32
1.0,0.66
1.0,1.0
1.0,1.32
1.0,0.66
1.0,1.0
1.0,1.32
1.0,0.66
1.0,1.0
1.98,2.01
1.98,2.01
1.98,2.01
1.98,1.03
1.98,1.03
1.98,1.03
1.98,1.99
1.98,1.03
1.98,1.03
1.0,1.37
1.0,1.37
1.0,1.37
1.0,1.03
1.0,1.03
1.0,1.03
1.0,1.23
1.0,1.03
1.0,1.03
1.0,1.37
1.0,1.23
1.0,1.05
1.0,1.03
1.0,1.03
1.0,1.03
1.0,1.35
1.0,1.03
1.0,1.03
1.98,2.04
1.98,2.02
1.98,1.08
1.98,2.04
1.98,1.08
1.98,1.08
1.98,2.04
1.98,1.08
1.98,1.08
1.0,1.4
1.0,1.4
1.0,1.08
1.0,1.08
1.0,1.08
1.0,1.08
1.0,1.28
1.0,1.08
1.0,1.08
1.0,1.4
1.0,1.26
1.0,1.08
1.0,1.4
1.0,1.08
1.0,1.08
1.0,1.4
1.0,1.08
1.0,1.08
1.98,2.5
1.98,2.5
1.98,2.5
1.98,2.5
1.98,2.5
1.98,2.5
1.98,2.5
1.98,2.5
1.98,2.5
1.0,2.5
1.0,2.5
1.0,2.5
1.0,2.5
1.0,2.5
1.0,2.5
1.0,2.5
1.0,2.5
1.0,2.5
1.0,2.5
1.0,2.5
1.0,2.5
1.0,2.5
1.0,2.5
1.0,2.5
1.0,2.5
1.0,2.5
1.0,2.5
1.98,2.01
1.98,2.01
1.98,2.01
1.98,1.03
1.98,1.03
1.98,1.03
1.98,1.99
1.98,1.03
1.98,1.03
1.0,1.37
1.0,1.37
1.0,1.37
1.0,1.03
1.0,1.03
1.0,1.03
1.0,1.23
1.0,1.03
1.0,1.03
1.0,1.37
1.0,1.23
1.0,1.05
1.0,1.03
1.0,1.03
1.0,1.03
1.0,1.35
1.0,1.03
1.0,1.03
1.98,4.95
1.98,4.95
1.98,4.95
1.98,4.95
1.98,4.95
1.98,4.95
1.98,4.95
1.98,4.95
1.98,4.95
1.0,4.95
1.0,4.95
1.0,4.95
1.0,4.95
1.0,4.95
1.0,4.95
1.0,4.95
1.0,4.95
1.0,4.95
1.0,4.95
1.0,4.95
1.0,4.95
1.0,4.95
1.0,4.95
1.0,4.95
1.0,4.95
1.0,4.95
1.0,4.95
1.98,2.5
1.98,2.5
1.98,2.5
1.98,2.5
1.98,2.5
1.98,2.5
1.98,2.5
1.98,2.5
1.98,2.5
1.0,2.5
1.0,2.5
1.0,2.5
1.0,2.5
1.0,2.5
1.0,2.5
1.0,2.5
1.0,2.5
1.0,2.5
1.0,2.5
1.0,2.5
1.0,2.5
1.0,2.5
1.0,2.5
1.0,2.5
1.0,2.5
1.0,2.5
1.0,2.5
1.98,2.01
1.98,2.01
1.98,2.01
1.98,1.03
1.98,1.03
1.98,1.03
1.98,1.99
1.98,1.03
1.98,1.03
1.0,1.37
1.0,1.37
1.0,1.37
1.0,1.03
1.0,1.03
1.0,1.03
1.0,1.23
1.0,1.03
1.0,1.03
1.0,1.37
1.0,1.23
1.0,1.05
1.0,1.03
1.0,1.03
1.0,1.03
1.0,1.35
1.0,1.03
1.0,1.03
1.98,2.02
1.98,2.0
1.98,1.06
1.98,2.02
1.98,1.06
1.98,1.06
1.98,2.02
1.98,1.06
1.98,1.06
1.0,1.38
1.0,1.38
1.0,1.06
1.0,1.08
1.0,1.06
1.0,1.06
1.0,1.26
1.0,1.06
1.0,1.06
1.0,1.38
1.0,1.26
1.0,1.06
1.0,1.38
1.0,1.06
1.0,1.06
1.0,1.38
1.0,1.06
1.0,1.06
1.98,2.5
1.98,2.5
1.98,2.5
1.98,2.5
1.98,2.5
1.98,2.5
1.98,2.5
1.98,2.5
1.98,2.5
1.0,2.5
1.0,2.5
1.0,2.5
1.0,2.5
1.0,2.5
1.0,2.5
1.0,2.5
1.0,2.5
1.0,2.5
1.0,2.5
1.0,2.5
1.0,2.5
1.0,2.5
1.0,2.5
1.0,2.5
1.0,2.5
1.0,2.5
1.0,2.5
1.98,2.01
1.98,2.01
1.98,2.01
1.98,2.02
1.98,2.31
1.98,1.08
1.98,1.99
1.98,2.31
1.98,1.03
0.02,2.25
0.02,2.33
0.02,1.08
0.02,2.23
0.02,2.31
0.02,1.08
0.02,2.23
0.02,2.31
0.02,1.03
1.0,1.37
1.0,2.28
1.0,1.05
1.0,1.4
1.0,2.31
1.0,1.08
1.0,1.35
1.0,2.31
1.0,1.03
1.98,2.04
1.98,2.36
1.98,1.08
1.98,2.04
1.98,2.36
1.98,1.08
1.98,2.04
1.98,2.36
1.98,1.08
0.02,2.28
0.02,2.36
0.02,1.08
0.02,2.28
0.02,2.36
0.02,1.08
0.02,2.28
0.02,2.36
0.02,1.08
1.0,1.4
1.0,2.36
1.0,1.08
1.0,1.4
1.0,2.36
1.0,1.08
1.0,1.4
1.0,2.36
1.0,1.08
1.98,2.5
1.98,2.5
1.98,2.5
1.98,2.5
1.98,2.5
1.98,2.5
1.98,2.5
1.98,2.5
1.98,2.5
0.02,2.5
0.02,2.5
0.02,2.5
0.02,2.5
0.02,2.5
0.02,2.5
0.02,2.5
0.02,2.5
0.02,2.5
1.0,2.5
1.0,2.5
1.0,2.5
1.0,2.5
1.0,2.5
1.0,2.5
1.0,2.5
1.0,2.5
1.0,2.5
1.98,2.01
1.98,2.01
1.98,2.01
1.98,4.87
1.98,4.87
1.98,4.87
1.98,1.99
1.98,4.79
1.98,1.03
0.02,4.84
0.02,4.84
0.02,4.84
0.02,4.87
0.02,4.87
0.02,4.87
0.02,4.76
0.02,4.79
0.02,1.03
1.0,1.37
1.0,4.76
1.0,1.05
1.0,4.87
1.0,4.87
1.0,4.87
1.0,1.35
1.0,4.79
1.0,1.03
1.98,4.95
1.98,4.95
1.98,4.95
1.98,4.95
1.98,4.95
1.98,4.95
1.98,4.95
1.98,4.95
1.98,4.95
0.02,4.95
0.02,4.95
0.02,4.95
0.02,4.95
0.02,4.95
0.02,4.95
0.02,4.95
0.02,4.95
0.02,4.95
1.0,4.95
1.0,4.95
1.0,4.95
1.0,4.95
1.0,4.95
1.0,4.95
1.0,4.95
1.0,4.95
1.0,4.95
1.98,2.5
1.98,2.5
1.98,2.5
1.98,2.5
1.98,2.5
1.98,2.5
1.98,2.5
1.98,2.5
1.98,2.5
0.02,2.5
0.02,2.5
0.02,2.5
0.02,2.5
0.02,2.5
0.02,2.5
0.02,2.5
0.02,2.5
0.02,2.5
1.0,2.5
1.0,2.5
1.0,2.5
1.0,2.5
1.0,2.5
1.0,2.5
1.0,2.5
1.0,2.5
1.0,2.5
1.98,2.01
1.98,2.01
1.98,2.01
1.98,2.0
1.98,1.75
1.98,1.06
1.98,1.99
1.98,1.75
1.98,1.03
0.02,1.8
0.02,1.77
0.02,1.08
0.02,1.83
0.02,1.75
0.02,1.06
0.02,1.8
0.02,1.75
0.02,1.03
1.0,1.37
1.0,1.77
1.0,1.05
1.0,1.38
1.0,1.75
1.0,1.06
1.0,1.35
1.0,1.75
1.0,1.03
1.98,2.02
1.98,1.78
1.98,1.06
1.98,2.02
1.98,1.78
1.98,1.06
1.98,2.02
1.98,1.78
1.98,1.06
0.02,1.83
0.02,1.78
0.02,1.06
0.02,1.83
0.02,1.78
0.02,1.06
0.02,1.83
0.02,1.78
0.02,1.06
1.0,1.38
1.0,1.78
1.0,1.06
1.0,1.38
1.0,1.78
1.0,1.06
1.0,1.38
1.0,1.78
1.0,1.06
1.98,2.5
1.98,2.5
1.98,2.5
1.98,2.5
1.98,2.5
1.98,2.5
1.98,2.5
1.98,2.5
1.98,2.5
0.02,2.5
0.02,2.5
0.02,2.5
0.02,2.5
0.02,2.5
0.02,2.5
0.02,2.5
0.02,2.5
0.02,2.5
1.0,2.5
1.0,2.5
1.0,2.5
1.0,2.5
1.0,2.5
1.0,2.5
1.0,2.5
1.0,2.5
1.0,2.5
1.98,2.01
1.98,2.01
1.98,2.01
1.98,1.75
1.98,1.75
1.98,1.75
1.98,1.99
1.98,1.51
1.98,1.03
0.66,1.8
0.66,1.8
0.66,1.8
0.66,1.75
0.66,1.75
0.66,1.75
0.66,1.59
0.66,1.51
0.66,1.03
1.0,1.37
1.0,1.59
1.0,1.05
1.0,1.75
1.0,1.75
1.0,1.75
1.0,1.35
1.0,1.51
1.0,1.03
1.98,2.04
1.98,2.4
1.98,1.08
1.98,2.04
1.98,2.4
1.98,1.08
1.98,2.04
1.98,2.4
1.98,1.08
0.66,2.36
0.66,2.4
0.66,1.08
0.66,2.36
0.66,2.4
0.66,1.08
0.66,2.36
0.66,2.4
0.66,1.08
1.0,1.4
1.0,2.4
1.0,1.08
1.0,1.4
1.0,2.4
1.0,1.08
1.0,1.4
1.0,2.4
1.0,1.08
1.98,2.5
1.98,2.5
1.98,2.5
1.98,2.5
1.98,2.5
1.98,2.5
1.98,2.5
1.98,2.5
1.98,2.5
0.66,2.5
0.66,2.5
0.66,2.5
0.66,2.5
0.66,2.5
0.66,2.5
0.66,2.5
0.66,2.5
0.66,2.5
1.0,2.5
1.0,2.5
1.0,2.5
1.0,2.5
1.0,2.5
1.0,2.5
1.0,2.5
1.0,2.5
1.0,2.5
1.98,2.01
1.98,2.01
1.98,2.01
1.98,1.75
1.98,1.75
1.98,1.75
1.98,1.99
1.98,1.51
1.98,1.03
0.66,1.8
0.66,1.8
0.66,1.8
0.66,1.75
0.66,1.75
0.66,1.75
0.66,1.59
0.66,1.51
0.66,1.03
1.0,1.37
1.0,1.59
1.0,1.05
1.0,1.75
1.0,1.75
1.0,1.75
1.0,1.35
1.0,1.51
1.0,1.03
1.98,4.95
1.98,4.95
1.98,4.95
1.98,4.95
1.98,4.95
1.98,4.95
1.98,4.95
1.98,4.95
1.98,4.95
0.66,4.95
0.66,4.95
0.66,4.95
0.66,4.95
0.66,4.95
0.66,4.95
0.66,4.95
0.66,4.95
0.66,4.95
1.0,4.95
1.0,4.95
1.0,4.95
1.0,4.95
1.0,4.95
1.0,4.95
1.0,4.95
1.0,4.95
1.0,4.95
1.98,2.5
1.98,2.5
1.98,2.5
1.98,2.5
1.98,2.5
1.98,2.5
1.98,2.5
1.98,2.5
1.98,2.5
0.66,2.5
0.66,2.5
0.66,2.5
0.66,2.5
0.66,2.5
0.66,2.5
0.66,2.5
0.66,2.5
0.66,2.5
1.0,2.5
1.0,2.5
1.0,2.5
1.0,2.5
1.0,2.5
1.0,2.5
1.0,2.5
1.0,2.5
1.0,2.5
1.98,2.01
1.98,2.01
1.98,2.01
1.98,1.75
1.98,1.75
1.98,1.75
1.98,1.99
1.98,1.51
1.98,1.03
0.66,1.8
0.66,1.8
0.66,1.8
0.66,1.75
0.66,1.75
0.66,1.75
0.66,1.59
0.66,1.51
0.66,1.03
1.0,1.37
1.0,1.59
1.0,1.05
1.0,1.75
1.0,1.75
1.0,1.75
1.0,1.35
1.0,1.51
1.0,1.03
1.98,2.02
1.98,2.02
1.98,1.06
1.98,2.02
1.98,2.02
1.98,1.06
1.98,2.02
1.98,2.02
1.98,1.06
0.66,2.01
0.66,2.02
0.66,1.06
0.66,2.01
0.66,2.02
0.66,1.06
0.66,2.01
0.66,2.02
0.66,1.06
1.0,1.38
1.0,2.02
1.0,1.06
1.0,1.38
1.0,2.02
1.0,1.06
1.0,1.38
1.0,2.02
1.0,1.06
1.98,2.5
1.98,2.5
1.98,2.5
1.98,2.5
1.98,2.5
1.98,2.5
1.98,2.5
1.98,2.5
1.98,2.5
0.66,2.5
0.66,2.5
0.66,2.5
0.66,2.5
0.66,2.5
0.66,2.5
0.66,2.5
0.66,2.5
0.66,2.5
1.0,2.5
1.0,2.5
1.0,2.5
1.0,2.5
1.0,2.5
1.0,2.5
1.0,2.5
1.0,2.5
1.0,2.5
1.98,2.01
1.98,2.01
1.98,2.01
1.98,1.03
1.98,1.03
1.98,1.03
1.98,1.99
1.98,1.03
1.98,1.03
1.0,1.37
1.0,1.37
1.0,1.37
1.0,1.03
1.0,1.03
1.0,1.03
1.0,1.23
1.0,1.03
1.0,1.03
1.0,1.37
1.0,1.23
1.0,1.05
1.0,1.03
1.0,1.03
1.0,1.03
1.0,1.35
1.0,1.03
1.0,1.03
1.98,2.04
1.98,2.02
1.98,1.08
1.98,2.04
1.98,1.08
1.98,1.08
1.98,2.04
1.98,1.08
1.98,1.08
1.0,1.4
1.0,1.4
1.0,1.08
1.0,1.08
1.0,1.08
1.0,1.08
1.0,1.28
1.0,1.08
1.0,1.08
1.0,1.4
1.0,1.26
1.0,1.08
1.0,1.4
1.0,1.08
1.0,1.08
1.0,1.4
1.0,1.08
1.0,1.08
1.98,2.5
1.98,2.5
1.98,2.5
1.98,2.5
1.98,2.5
1.98,2.5
1.98,2.5
1.98,2.5
1.98,2.5
1.0,2.5
1.0,2.5
1.0,2.5
1.0,2.5
1.0,2.5
1.0,2.5
1.0,2.5
1.0,2.5
1.0,2.5
1.0,2.5
1.0,2.5
1.0,2.5
1.0,2.5
1.0,2.5
1.0,2.5
1.0,2.5
1.0,2.5
1.0,2.5
1.98,2.01
1.98,2.01
1.98,2.01
1.98,1.03
1.98,1.03
1.98,1.03
1.98,1.99
1.98,1.03
1.98,1.03
1.0,1.37
1.0,1.37
1.0,1.37
1.0,1.03
1.0,1.03
1.0,1.03
1.0,1.23
1.0,1.03
1.0,1.03
1.0,1.37
1.0,1.23
1.0,1.05
1.0,1.03
1.0,1.03
1.0,1.03
1.0,1.35
1.0,1.03
1.0,1.03
1.98,4.95
1.98,4.95
1.98,4.95
1.98,4.95
1.98,4.95
1.98,4.95
1.98,4.95
1.98,4.95
1.98,4.95
1.0,4.95
1.0,4.95
1.0,4.95
1.0,4.95
1.0,4.95
1.0,4.95
1.0,4.95
1.0,4.95
1.0,4.95
1.0,4.95
1.0,4.95
1.0,4.95
1.0,4.95
1.0,4.95
1.0,4.95
1.0,4.95
1.0,4.95
1.0,4.95
1.98,2.5
1.98,2.5
1.98,2.5
1.98,2.5
1.98,2.5
1.98,2.5
1.98,2.5
1.98,2.5
1.98,2.5
1.0,2.5
1.0,2.5
1.0,2.5
1.0,2.5
1.0,2.5
1.0,2.5
1.0,2.5
1.0,2.5
1.0,2.5
1.0,2.5
1.0,2.5
1.0,2.5
1.0,2.5
1.0,2.5
1.0,2.5
1.0,2.5
1.0,2.5
1.0,2.5
1.98,2.01
1.98,2.01
1.98,2.01
1.98,1.03
1.98,1.03
1.98,1.03
1.98,1.99
1.98,1.03
1.98,1.03
1.0,1.37
1.0,1.37
1.0,1.37
1.0,1.03
1.0,1.03
1.0,1.03
1.0,1.23
1.0,1.03
1.0,1.03
1.0,1.37
1.0,1.23
1.0,1.05
1.0,1.03
1.0,1.03
1.0,1.03
1.0,1.35
1.0,1.03
1.0,1.03
1.98,2.02
1.98,2.0
1.98,1.06
1.98,2.02
1.98,1.06
1.98,1.06
1.98,2.02
1.98,1.06
1.98,1.06
1.0,1.38
1.0,1.38
1.0,1.06
1.0,1.08
1.0,1.06
1.0,1.06
1.0,1.26
1.0,1.06
1.0,1.06
1.0,1.38
1.0,1.26
1.0,1.06
1.0,1.38
1.0,1.06
1.0,1.06
1.0,1.38
1.0,1.06
1.0,1.06
1.98,2.5
1.98,2.5
1.98,2.5
1.98,2.5
1.98,2.5
1.98,2.5
1.98,2.5
1.98,2.5
1.98,2.5
1.0,2.5
1.0,2.5
1.0,2.5
1.0,2.5
1.0,2.5
1.0,2.5
1.0,2.5
1.0,2.5
1.0,2.5
1.0,2.5
1.0,2.5
1.0,2.5
1.0,2.5
1.0,2.5
1.0,2.5
1.0,2.5
1.0,2.5
1.0,2.5
1.98,2.01
1.98,2.01
1.98,2.01
1.98,2.02
1.98,2.31
1.98,1.08
1.98,1.99
1.98,2.31
1.98,1.03
0.02,2.25
0.02,2.33
0.02,1.08
0.02,2.23
0.02,2.31
0.02,1.08
0.02,2.23
0.02,2.31
0.02,1.03
1.0,1.37
1.0,2.28
1.0,1.05
1.0,1.4
1.0,2.31
1.0,1.08
1.0,1.35
1.0,2.31
1.0,1.03
1.98,2.04
1.98,2.36
1.98,1.08
1.98,2.04
1.98,2.36
1.98,1.08
1.98,2.04
1.98,2.36
1.98,1.08
0.02,2.28
0.02,2.36
0.02,1.08
0.02,2.28
0.02,2.36
0.02,1.08
0.02,2.28
0.02,2.36
0.02,1.08
1.0,1.4
1.0,2.36
1.0,1.08
1.0,1.4
1.0,2.36
1.0,1.08
1.0,1.4
1.0,2.36
1.0,1.08
1.98,2.5
1.98,2.5
1.98,2.5
1.98,2.5
1.98,2.5
1.98,2.5
1.98,2.5
1.98,2.5
1.98,2.5
0.02,2.5
0.02,2.5
0.02,2.5
0.02,2.5
0.02,2.5
0.02,2.5
0.02,2.5
0.02,2.5
0.02,2.5
1.0,2.5
1.0,2.5
1.0,2.5
1.0,2.5
1.0,2.5
1.0,2.5
1.0,2.5
1.0,2.5
1.0,2.5
1.98,2.01
1.98,2.01
1.98,2.01
1.98,4.87
1.98,4.87
1.98,4.87
1.98,1.99
1.98,4.79
1.98,1.03
0.02,4.84
0.02,4.84
0.02,4.84
0.02,4.87
0.02,4.87
0.02,4.87
0.02,4.76
0.02,4.79
0.02,1.03
1.0,1.37
1.0,4.76
1.0,1.05
1.0,4.87
1.0,4.87
1.0,4.87
1.0,1.35
1.0,4.79
1.0,1.03
1.98,4.95
1.98,4.95
1.98,4.95
1.98,4.95
1.98,4.95
1.98,4.95
1.98,4.95
1.98,4.95
1.98,4.95
0.02,4.95
0.02,4.95
0.02,4.95
0.02,4.95
0.02,4.95
0.02,4.95
0.02,4.95
0.02,4.95
0.02,4.95
1.0,4.95
1.0,4.95
1.0,4.95
1.0,4.95
1.0,4.95
1.0,4.95
1.0,4.95
1.0,4.95
1.0,4.95
1.98,2.5
1.98,2.5
1.98,2.5
1.98,2.5
1.98,2.5
1.98,2.5
1.98,2.5
1.98,2.5
1.98,2.5
0.02,2.5
0.02,2.5
0.02,2.5
0.02,2.5
0.02,2.5
0.02,2.5
0.02,2.5
0.02,2.5
0.02,2.5
1.0,2.5
1.0,2.5
1.0,2.5
1.0,2.5
1.0,2.5
1.0,2.5
1.0,2.5
1.0,2.5
1.0,2.5
1.98,2.01
1.98,2.01
1.98,2.01
1.98,2.0
1.98,1.75
1.98,1.06
1.98,1.99
1.98,1.75
1.98,1.03
0.02,1.8
0.02,1.77
0.02,1.08
0.02,1.83
0.02,1.75
0.02,1.06
0.02,1.8
0.02,1.75
0.02,1.03
1.0,1.37
1.0,1.77
1.0,1.05
1.0,1.38
1.0,1.75
1.0,1.06
1.0,1.35
1.0,1.75
1.0,1.03
1.98,2.02
1.98,1.78
1.98,1.06
1.98,2.02
1.98,1.78
1.98,1.06
1.98,2.02
1.98,1.78
1.98,1.06
0.02,1.83
0.02,1.78
0.02,1.06
0.02,1.83
0.02,1.78
0.02,1.06
0.02,1.83
0.02,1.78
0.02,1.06
1.0,1.38
1.0,1.78
1.0,1.06
1.0,1.38
1.0,1.78
1.0,1.06
1.0,1.38
1.0,1.78
1.0,1.06
1.98,2.5
1.98,2.5
1.98,2.5
1.98,2.5
1.98,2.5
1.98,2.5
1.98,2.5
1.98,2.5
1.98,2.5
0.02,2.5
0.02,2.5
0.02,2.5
0.02,2.5
0.02,2.5
0.02,2.5
0.02,2.5
0.02,2.5
0.02,2.5
1.0,2.5
1.0,2.5
1.0,2.5
1.0,2.5
1.0,2.5
1.0,2.5
1.0,2.5
1.0,2.5
1.0,2.5
1.98,2.01
1.98,2.01
1.98,2.01
1.98,1.75
1.98,1.75
1.98,1.75
1.98,1.99
1.98,1.51
1.98,1.03
0.66,1.8
0.66,1.8
0.66,1.8
0.66,1.75
0.66,1.75
0.66,1.75
0.66,1.59
0.66,1.51
0.66,1.03
1.0,1.37
1.0,1.59
1.0,1.05
1.0,1.75
1.0,1.75
1.0,1.75
1.0,1.35
1.0,1.51
1.0,1.03
1.98,2.04
1.98,2.4
1.98,1.08
1.98,2.04
1.98,2.4
1.98,1.08
1.98,2.04
1.98,2.4
1.98,1.08
0.66,2.36
0.66,2.4
0.66,1.08
0.66,2.36
0.66,2.4
0.66,1.08
0.66,2.36
0.66,2.4
0.66,1.08
1.0,1.4
1.0,2.4
1.0,1.08
1.0,1.4
1.0,2.4
1.0,1.08
1.0,1.4
1.0,2.4
1.0,1.08
1.98,2.5
1.98,2.5
1.98,2.5
1.98,2.5
1.98,2.5
1.98,2.5
1.98,2.5
1.98,2.5
1.98,2.5
0.66,2.5
0.66,2.5
0.66,2.5
0.66,2.5
0.66,2.5
0.66,2.5
0.66,2.5
0.66,2.5
0.66,2.5
1.0,2.5
1.0,2.5
1.0,2.5
1.0,2.5
1.0,2.5
1.0,2.5
1.0,2.5
1.0,2.5
1.0,2.5
1.98,2.01
1.98,2.01
1.98,2.01
1.98,1.75
1.98,1.75
1.98,1.75
1.98,1.99
1.98,1.51
1.98,1.03
0.66,1.8
0.66,1.8
0.66,1.8
0.66,1.75
0.66,1.75
0.66,1.75
0.66,1.59
0.66,1.51
0.66,1.03
1.0,1.37
1.0,1.59
1.0,1.05
1.0,1.75
1.0,1.75
1.0,1.75
1.0,1.35
1.0,1.51
1.0,1.03
1.98,4.95
1.98,4.95
1.98,4.95
1.98,4.95
1.98,4.95
1.98,4.95
1.98,4.95
1.98,4.95
1.98,4.95
0.66,4.95
0.66,4.95
0.66,4.95
0.66,4.95
0.66,4.95
0.66,4.95
0.66,4.95
0.66,4.95
0.66,4.95
1.0,4.95
1.0,4.95
1.0,4.95
1.0,4.95
1.0,4.95
1.0,4.95
1.0,4.95
1.0,4.95
1.0,4.95
1.98,2.5
1.98,2.5
1.98,2.5
1.98,2.5
1.98,2.5
1.98,2.5
1.98,2.5
1.98,2.5
1.98,2.5
0.66,2.5
0.66,2.5
0.66,2.5
0.66,2.5
0.66,2.5
0.66,2.5
0.66,2.5
0.66,2.5
0.66,2.5
1.0,2.5
1.0,2.5
1.0,2.5
1.0,2.5
1.0,2.5
1.0,2.5
1.0,2.5
1.0,2.5
1.0,2.5
1.98,2.01
1.98,2.01
1.98,2.01
1.98,1.75
1.98,1.75
1.98,1.75
1.98,1.99
1.98,1.51
1.98,1.03
0.66,1.8
0.66,1.8
0.66,1.8
0.66,1.75
0.66,1.75
0.66,1.75
0.66,1.59
0.66,1.51
0.66,1.03
1.0,1.37
1.0,1.59
1.0,1.05
1.0,1.75
1.0,1.75
1.0,1.75
1.0,1.35
1.0,1.51
1.0,1.03
1.98,2.02
1.98,2.02
1.98,1.06
1.98,2.02
1.98,2.02
1.98,1.06
1.98,2.02
1.98,2.02
1.98,1.06
0.66,2.01
0.66,2.02
0.66,1.06
0.66,2.01
0.66,2.02
0.66,1.06
0.66,2.01
0.66,2.02
0.66,1.06
1.0,1.38
1.0,2.02
1.0,1.06
1.0,1.38
1.0,2.02
1.0,1.06
1.0,1.38
1.0,2.02
1.0,1.06
1.98,2.5
1.98,2.5
1.98,2.5
1.98,2.5
1.98,2.5
1.98,2.5
1.98,2.5
1.98,2.5
1.98,2.5
0.66,2.5
0.66,2.5
0.66,2.5
0.66,2.5
0.66,2.5
0.66,2.5
0.66,2.5
0.66,2.5
0.66,2.5
1.0,2.5
1.0,2.5
1.0,2.5
1.0,2.5
1.0,2.5
1.0,2.5
1.0,2.5
1.0,2.5
1.0,2.5
1.98,2.01
1.98,2.01
1.98,2.01
1.98,1.03
1.98,1.03
1.98,1.03
1.98,1.99
1.98,1.03
1.98,1.03
1.0,1.37
1.0,1.37
1.0,1.37
1.0,1.03
1.0,1.03
1.0,1.03
1.0,1.23
1.0,1.03
1.0,1.03
1.0,1.37
1.0,1.23
1.0,1.05
1.0,1.03
1.0,1.03
1.0,1.03
1.0,1.35
1.0,1.03
1.0,1.03
1.98,2.04
1.98,2.02
1.98,1.08
1.98,2.04
1.98,1.08
1.98,1.08
1.98,2.04
1.98,1.08
1.98,1.08
1.0,1.4
1.0,1.4
1.0,1.08
1.0,1.08
1.0,1.08
1.0,1.08
1.0,1.28
1.0,1.08
1.0,1.08
1.0,1.4
1.0,1.26
1.0,1.08
1.0,1.4
1.0,1.08
1.0,1.08
1.0,1.4
1.0,1.08
1.0,1.08
1.98,2.5
1.98,2.5
1.98,2.5
1.98,2.5
1.98,2.5
1.98,2.5
1.98,2.5
1.98,2.5
1.98,2.5
1.0,2.5
1.0,2.5
1.0,2.5
1.0,2.5
1.0,2.5
1.0,2.5
1.0,2.5
1.0,2.5
1.0,2.5
1.0,2.5
1.0,2.5
1.0,2.5
1.0,2.5
1.0,2.5
1.0,2.5
1.0,2.5
1.0,2.5
1.0,2.5
1.98,2.01
1.98,2.01
1.98,2.01
1.98,1.03
1.98,1.03
1.98,1.03
1.98,1.99
1.98,1.03
1.98,1.03
1.0,1.37
1.0,1.37
1.0,1.37
1.0,1.03
1.0,1.03
1.0,1.03
1.0,1.23
1.0,1.03
1.0,1.03
1.0,1.37
1.0,1.23
1.0,1.05
1.0,1.03
1.0,1.03
1.0,1.03
1.0,1.35
1.0,1.03
1.0,1.03
1.98,4.95
1.98,4.95
1.98,4.95
1.98,4.95
1.98,4.95
1.98,4.95
1.98,4.95
1.98,4.95
1.98,4.95
1.0,4.95
1.0,4.95
1.0,4.95
1.0,4.95
1.0,4.95
1.0,4.95
1.0,4.95
1.0,4.95
1.0,4.95
1.0,4.95
1.0,4.95
1.0,4.95
1.0,4.95
1.0,4.95
1.0,4.95
1.0,4.95
1.0,4.95
1.0,4.95
1.98,2.5
1.98,2.5
1.98,2.5
1.98,2.5
1.98,2.5
1.98,2.5
1.98,2.5
1.98,2.5
1.98,2.5
1.0,2.5
1.0,2.5
1.0,2.5
1.0,2.5
1.0,2.5
1.0,2.5
1.0,2.5
1.0,2.5
1.0,2.5
1.0,2.5
1.0,2.5
1.0,2.5
1.0,2.5
1.0,2.5
1.0,2.5
1.0,2.5
1.0,2.5
1.0,2.5
1.98,2.01
1.98,2.01
1.98,2.01
1.98,1.03
1.98,1.03
1.98,1.03
1.98,1.99
1.98,1.03
1.98,1.03
1.0,1.37
1.0,1.37
1.0,1.37
1.0,1.03
1.0,1.03
1.0,1.03
1.0,1.23
1.0,1.03
1.0,1.03
1.0,1.37
1.0,1.23
1.0,1.05
1.0,1.03
1.0,1.03
1.0,1.03
1.0,1.35
1.0,1.03
1.0,1.03
1.98,2.02
1.98,2.0
1.98,1.06
1.98,2.02
1.98,1.06
1.98,1.06
1.98,2.02
1.98,1.06
1.98,1.06
1.0,1.38
1.0,1.38
1.0,1.06
1.0,1.08
1.0,1.06
1.0,1.06
1.0,1.26
1.0,1.06
1.0,1.06
1.0,1.38
1.0,1.26
1.0,1.06
1.0,1.38
1.0,1.06
1.0,1.06
1.0,1.38
1.0,1.06
1.0,1.06
1.98,2.5
1.98,2.5
1.98,2.5
1.98,2.5
1.98,2.5
1.98,2.5
1.98,2.5
1.98,2.5
1.98,2.5
1.0,2.5
1.0,2.5
1.0,2.5
1.0,2.5
1.0,2.5
1.0,2.5
1.0,2.5
1.0,2.5
1.0,2.5
1.0,2.5
1.0,2.5
1.0,2.5
1.0,2.5
1.0,2.5
1.0,2.5
1.0,2.5
1.0,2.5
1.0,2.5
1.98,2.01
1.98,2.01
1.98,2.01
1.98,2.02
1.98,2.31
1.98,1.08
1.98,1.99
1.98,2.31
1.98,1.03
0.02,2.25
0.02,2.33
0.02,1.08
0.02,2.23
0.02,2.31
0.02,1.08
0.02,2.23
0.02,2.31
0.02,1.03
1.0,1.37
1.0,2.28
1.0,1.05
1.0,1.4
1.0,2.31
1.0,1.08
1.0,1.35
1.0,2.31
1.0,1.03
1.98,2.04
1.98,2.36
1.98,1.08
1.98,2.04
1.98,2.36
1.98,1.08
1.98,2.04
1.98,2.36
1.98,1.08
0.02,2.28
0.02,2.36
0.02,1.08
0.02,2.28
0.02,2.36
0.02,1.08
0.02,2.28
0.02,2.36
0.02,1.08
1.0,1.4
1.0,2.36
1.0,1.08
1.0,1.4
1.0,2.36
1.0,1.08
1.0,1.4
1.0,2.36
1.0,1.08
1.98,2.5
1.98,2.5
1.98,2.5
1.98,2.5
1.98,2.5
1.98,2.5
1.98,2.5
1.98,2.5
1.98,2.5
0.02,2.5
0.02,2.5
0.02,2.5
0.02,2.5
0.02,2.5
0.02,2.5
0.02,2.5
0.02,2.5
0.02,2.5
1.0,2.5
1.0,2.5
1.0,2.5
1.0,2.5
1.0,2.5
1.0,2.5
1.0,2.5
1.0,2.5
1.0,2.5
1.98,2.01
1.98,2.01
1.98,2.01
1.98,4.87
1.98,4.87
1.98,4.87
1.98,1.99
1.98,4.79
1.98,1.03
0.02,4.84
0.02,4.84
0.02,4.84
0.02,4.87
0.02,4.87
0.02,4.87
0.02,4.76
0.02,4.79
0.02,1.03
1.0,1.37
1.0,4.76
1.0,1.05
1.0,4.87
1.0,4.87
1.0,4.87
1.0,1.35
1.0,4.79
1.0,1.03
1.98,4.95
1.98,4.95
1.98,4.95
1.98,4.95
1.98,4.95
1.98,4.95
1.98,4.95
1.98,4.95
1.98,4.95
0.02,4.95
0.02,4.95
0.02,4.95
0.02,4.95
0.02,4.95
0.02,4.95
0.02,4.95
0.02,4.95
0.02,4.95
1.0,4.95
1.0,4.95
1.0,4.95
1.0,4.95
1.0,4.95
1.0,4.95
1.0,4.95
1.0,4.95
1.0,4.95
1.98,2.5
1.98,2.5
1.98,2.5
1.98,2.5
1.98,2.5
1.98,2.5
1.98,2.5
1.98,2.5
1.98,2.5
0.02,2.5
0.02,2.5
0.02,2.5
0.02,2.5
0.02,2.5
0.02,2.5
0.02,2.5
0.02,2.5
0.02,2.5
1.0,2.5
1.0,2.5
1.0,2.5
1.0,2.5
1.0,2.5
1.0,2.5
1.0,2.5
1.0,2.5
1.0,2.5
1.98,2.01
1.98,2.01
1.98,2.01
1.98,2.0
1.98,1.75
1.98,1.06
1.98,1.99
1.98,1.75
1.98,1.03
0.02,1.8
0.02,1.77
0.02,1.08
0.02,1.83
0.02,1.75
0.02,1.06
0.02,1.8
0.02,1.75
0.02,1.03
1.0,1.37
1.0,1.77
1.0,1.05
1.0,1.38
1.0,1.75
1.0,1.06
1.0,1.35
1.0,1.75
1.0,1.03
1.98,2.02
1.98,1.78
1.98,1.06
1.98,2.02
1.98,1.78
1.98,1.06
1.98,2.02
1.98,1.78
1.98,1.06
0.02,1.83
0.02,1.78
0.02,1.06
0.02,1.83
0.02,1.78
0.02,1.06
0.02,1.83
0.02,1.78
0.02,1.06
1.0,1.38
1.0,1.78
1.0,1.06
1.0,1.38
1.0,1.78
1.0,1.06
1.0,1.38
1.0,1.78
1.0,1.06
1.98,2.5
1.98,2.5
1.98,2.5
1.98,2.5
1.98,2.5
1.98,2.5
1.98,2.5
1.98,2.5
1.98,2.5
0.02,2.5
0.02,2.5
0.02,2.5
0.02,2.5
0.02,2.5
0.02,2.5
0.02,2.5
0.02,2.5
0.02,2.5
1.0,2.5
1.0,2.5
1.0,2.5
1.0,2.5
1.0,2.5
1.0,2.5
1.0,2.5
1.0,2.5
1.0,2.5
1.98,2.01
1.98,2.01
1.98,2.01
1.98,1.75
1.98,1.75
1.98,1.75
1.98,1.99
1.98,1.51
1.98,1.03
0.66,1.8
0.66,1.8
0.66,1.8
0.66,1.75
0.66,1.75
0.66,1.75
0.66,1.59
0.66,1.51
0.66,1.03
1.0,1.37
1.0,1.59
1.0,1.05
1.0,1.75
1.0,1.75
1.0,1.75
1.0,1.35
1.0,1.51
1.0,1.03
1.98,2.04
1.98,2.4
1.98,1.08
1.98,2.04
1.98,2.4
1.98,1.08
1.98,2.04
1.98,2.4
1.98,1.08
0.66,2.36
0.66,2.4
0.66,1.08
0.66,2.36
0.66,2.4
0.66,1.08
0.66,2.36
0.66,2.4
0.66,1.08
1.0,1.4
1.0,2.4
1.0,1.08
1.0,1.4
1.0,2.4
1.0,1.08
1.0,1.4
1.0,2.4
1.0,1.08
1.98,2.5
1.98,2.5
1.98,2.5
1.98,2.5
1.98,2.5
1.98,2.5
1.98,2.5
1.98,2.5
1.98,2.5
0.66,2.5
0.66,2.5
0.66,2.5
0.66,2.5
0.66,2.5
0.66,2.5
0.66,2.5
0.66,2.5
0.66,2.5
1.0,2.5
1.0,2.5
1.0,2.5
1.0,2.5
1.0,2.5
1.0,2.5
1.0,2.5
1.0,2.5
1.0,2.5
1.98,2.01
1.98,2.01
1.98,2.01
1.98,1.75
1.98,1.75
1.98,1.75
1.98,1.99
1.98,1.51
1.98,1.03
0.66,1.8
0.66,1.8
0.66,1.8
0.66,1.75
0.66,1.75
0.66,1.75
0.66,1.59
0.66,1.51
0.66,1.03
1.0,1.37
1.0,1.59
1.0,1.05
1.0,1.75
1.0,1.75
1.0,1.75
1.0,1.35
1.0,1.51
1.0,1.03
1.98,4.95
1.98,4.95
1.98,4.95
1.98,4.95
1.98,4.95
1.98,4.95
1.98,4.95
1.98,4.95
1.98,4.95
0.66,4.95
0.66,4.95
0.66,4.95
0.66,4.95
0.66,4.95
0.66,4.95
0.66,4.95
0.66,4.95
0.66,4.95
1.0,4.95
1.0,4.95
1.0,4.95
1.0,4.95
1.0,4.95
1.0,4.95
1.0,4.95
1.0,4.95
1.0,4.95
1.98,2.5
1.98,2.5
1.98,2.5
1.98,2.5
1.98,2.5
1.98,2.5
1.98,2.5
1.98,2.5
1.98,2.5
0.66,2.5
0.66,2.5
0.66,2.5
0.66,2.5
0.66,2.5
0.66,2.5
0.66,2.5
0.66,2.5
0.66,2.5
1.0,2.5
1.0,2.5
1.0,2.5
1.0,2.5
1.0,2.5
1.0,2.5
1.0,2.5
1.0,2.5
1.0,2.5
1.98,2.01
1.98,2.01
1.98,2.01
1.98,1.75
1.98,1.75
1.98,1.75
1.98,1.99
1.98,1.51
1.98,1.03
0.66,1.8
0.66,1.8
0.66,1.8
0.66,1.75
0.66,1.75
0.66,1.75
0.66,1.59
0.66,1.51
0.66,1.03
1.0,1.37
1.0,1.59
1.0,1.05
1.0,1.75
1.0,1.75
1.0,1.75
1.0,1.35
1.0,1.51
1.0,1.03
1.98,2.02
1.98,2.02
1.98,1.06
1.98,2.02
1.98,2.02
1.98,1.06
1.98,2.02
1.98,2.02
1.98,1.06
0.66,2.01
0.66,2.02
0.66,1.06
0.66,2.01
0.66,2.02
0.66,1.06
0.66,2.01
0.66,2.02
0.66,1.06
1.0,1.38
1.0,2.02
1.0,1.06
1.0,1.38
1.0,2.02
1.0,1.06
1.0,1.38
1.0,2.02
1.0,1.06
1.98,2.5
1.98,2.5
1.98,2.5
1.98,2.5
1.98,2.5
1.98,2.5
1.98,2.5
1.98,2.5
1.98,2.5
0.66,2.5
0.66,2.5
0.66,2.5
0.66,2.5
0.66,2.5
0.66,2.5
0.66,2.5
0.66,2.5
0.66,2.5
1.0,2.5
1.0,2.5
1.0,2.5
1.0,2.5
1.0,2.5
1.0,2.5
1.0,2.5
1.0,2.5
1.0,2.5
1.98,2.04
1.98,2.02
1.98,1.06
1.98,2.04
1.98,1.06
1.98,1.06
1.98,2.04
1.98,1.06
1.98,1.06
1.0,1.4
1.0,1.38
1.0,1.06
1.0,1.08
1.0,1.06
1.0,1.06
1.0,1.26
1.0,1.06
1.0,1.06
1.0,1.4
1.0,1.26
1.0,1.06
1.0,1.4
1.0,1.06
1.0,1.06
1.0,1.4
1.0,1.06
1.0,1.06
1.98,2.04
1.98,2.02
1.98,1.06
1.98,2.04
1.98,1.06
1.98,1.06
1.98,2.04
1.98,1.06
1.98,1.06
1.0,1.4
1.0,1.38
1.0,1.06
1.0,1.08
1.0,1.06
1.0,1.06
1.0,1.26
1.0,1.06
1.0,1.06
1.0,1.4
1.0,1.26
1.0,1.06
1.0,1.4
1.0,1.06
1.0,1.06
1.0,1.4
1.0,1.06
1.0,1.06
1.98,2.04
1.98,2.02
1.98,1.06
1.98,2.04
1.98,1.06
1.98,1.06
1.98,2.04
1.98,1.06
1.98,1.06
1.0,1.4
1.0,1.38
1.0,1.06
1.0,1.08
1.0,1.06
1.0,1.06
1.0,1.26
1.0,1.06
1.0,1.06
1.0,1.4
1.0,1.26
1.0,1.06
1.0,1.4
1.0,1.06
1.0,1.06
1.0,1.4
1.0,1.06
1.0,1.06
1.98,2.04
1.98,2.02
1.98,1.06
1.98,2.04
1.98,1.06
1.98,1.06
1.98,2.04
1.98,1.06
1.98,1.06
1.0,1.4
1.0,1.38
1.0,1.06
1.0,1.08
1.0,1.06
1.0,1.06
1.0,1.26
1.0,1.06
1.0,1.06
1.0,1.4
1.0,1.26
1.0,1.06
1.0,1.4
1.0,1.06
1.0,1.06
1.0,1.4
1.0,1.06
1.0,1.06
1.98,2.04
1.98,2.02
1.98,1.06
1.98,2.04
1.98,1.06
1.98,1.06
1.98,2.04
1.98,1.06
1.98,1.06
1.0,1.4
1.0,1.38
1.0,1.06
1.0,1.08
1.0,1.06
1.0,1.06
1.0,1.26
1.0,1.06
1.0,1.06
1.0,1.4
1.0,1.26
1.0,1.06
1.0,1.4
1.0,1.06
1.0,1.06
1.0,1.4
1.0,1.06
1.0,1.06
1.98,2.04
1.98,2.02
1.98,1.06
1.98,2.04
1.98,1.06
1.98,1.06
1.98,2.04
1.98,1.06
1.98,1.06
1.0,1.4
1.0,1.38
1.0,1.06
1.0,1.08
1.0,1.06
1.0,1.06
1.0,1.26
1.0,1.06
1.0,1.06
1.0,1.4
1.0,1.26
1.0,1.06
1.0,1.4
1.0,1.06
1.0,1.06
1.0,1.4
1.0,1.06
1.0,1.06
1.98,2.04
1.98,2.02
1.98,1.06
1.98,2.04
1.98,1.06
1.98,1.06
1.98,2.04
1.98,1.06
1.98,1.06
1.0,1.4
1.0,1.38
1.0,1.06
1.0,1.08
1.0,1.06
1.0,1.06
1.0,1.26
1.0,1.06
1.0,1.06
1.0,1.4
1.0,1.26
1.0,1.06
1.0,1.4
1.0,1.06
1.0,1.06
1.0,1.4
1.0,1.06
1.0,1.06
1.98,2.04
1.98,2.02
1.98,1.06
1.98,2.04
1.98,1.06
1.98,1.06
1.98,2.04
1.98,1.06
1.98,1.06
1.0,1.4
1.0,1.38
1.0,1.06
1.0,1.08
1.0,1.06
1.0,1.06
1.0,1.26
1.0,1.06
1.0,1.06
1.0,1.4
1.0,1.26
1.0,1.06
1.0,1.4
1.0,1.06
1.0,1.06
1.0,1.4
1.0,1.06
1.0,1.06
1.98,2.04
1.98,2.02
1.98,1.06
1.98,2.04
1.98,1.06
1.98,1.06
1.98,2.04
1.98,1.06
1.98,1.06
1.0,1.4
1.0,1.38
1.0,1.06
1.0,1.08
1.0,1.06
1.0,1.06
1.0,1.26
1.0,1.06
1.0,1.06
1.0,1.4
1.0,1.26
1.0,1.06
1.0,1.4
1.0,1.06
1.0,1.06
1.0,1.4
1.0,1.06
1.0,1.06
1.98,2.04
1.98,2.34
1.98,1.06
1.98,2.04
1.98,2.34
1.98,1.06
1.98,2.04
1.98,2.34
1.98,1.06
0.02,2.28
0.02,2.34
0.02,1.06
0.02,2.28
0.02,2.34
0.02,1.06
0.02,2.28
0.02,2.34
0.02,1.06
1.0,1.4
1.0,2.34
1.0,1.06
1.0,1.4
1.0,2.34
1.0,1.06
1.0,1.4
1.0,2.34
1.0,1.06
1.98,2.04
1.98,2.34
1.98,1.06
1.98,2.04
1.98,2.34
1.98,1.06
1.98,2.04
1.98,2.34
1.98,1.06
0.02,2.28
0.02,2.34
0.02,1.06
0.02,2.28
0.02,2.34
0.02,1.06
0.02,2.28
0.02,2.34
0.02,1.06
1.0,1.4
1.0,2.34
1.0,1.06
1.0,1.4
1.0,2.34
1.0,1.06
1.0,1.4
1.0,2.34
1.0,1.06
1.98,2.04
1.98,2.34
1.98,1.06
1.98,2.04
1.98,2.34
1.98,1.06
1.98,2.04
1.98,2.34
1.98,1.06
0.02,2.28
0.02,2.34
0.02,1.06
0.02,2.28
0.02,2.34
0.02,1.06
0.02,2.28
0.02,2.34
0.02,1.06
1.0,1.4
1.0,2.34
1.0,1.06
1.0,1.4
1.0,2.34
1.0,1.06
1.0,1.4
1.0,2.34
1.0,1.06
1.98,2.04
1.98,4.9
1.98,1.06
1.98,2.04
1.98,4.9
1.98,1.06
1.98,2.04
1.98,4.9
1.98,1.06
0.02,4.87
0.02,4.9
0.02,1.06
0.02,4.87
0.02,4.9
0.02,1.06
0.02,4.87
0.02,4.9
0.02,1.06
1.0,1.4
1.0,4.9
1.0,1.06
1.0,1.4
1.0,4.9
1.0,1.06
1.0,1.4
1.0,4.9
1.0,1.06
1.98,2.04
1.98,4.9
1.98,1.06
1.98,2.04
1.98,4.9
1.98,1.06
1.98,2.04
1.98,4.9
1.98,1.06
0.02,4.87
0.02,4.9
0.02,1.06
0.02,4.87
0.02,4.9
0.02,1.06
0.02,4.87
0.02,4.9
0.02,1.06
1.0,1.4
1.0,4.9
1.0,1.06
1.0,1.4
1.0,4.9
1.0,1.06
1.0,1.4
1.0,4.9
1.0,1.06
1.98,2.04
1.98,4.9
1.98,1.06
1.98,2.04
1.98,4.9
1.98,1.06
1.98,2.04
1.98,4.9
1.98,1.06
0.02,4.87
0.02,4.9
0.02,1.06
0.02,4.87
0.02,4.9
0.02,1.06
0.02,4.87
0.02,4.9
0.02,1.06
1.0,1.4
1.0,4.9
1.0,1.06
1.0,1.4
1.0,4.9
1.0,1.06
1.0,1.4
1.0,4.9
1.0,1.06
1.98,2.04
1.98,1.78
1.98,1.06
1.98,2.04
1.98,1.78
1.98,1.06
1.98,2.04
1.98,1.78
1.98,1.06
0.02,1.83
0.02,1.78
0.02,1.06
0.02,1.83
0.02,1.78
0.02,1.06
0.02,1.83
0.02,1.78
0.02,1.06
1.0,1.4
1.0,1.78
1.0,1.06
1.0,1.4
1.0,1.78
1.0,1.06
1.0,1.4
1.0,1.78
1.0,1.06
1.98,2.04
1.98,1.78
1.98,1.06
1.98,2.04
1.98,1.78
1.98,1.06
1.98,2.04
1.98,1.78
1.98,1.06
0.02,1.83
0.02,1.78
0.02,1.06
0.02,1.83
0.02,1.78
0.02,1.06
0.02,1.83
0.02,1.78
0.02,1.06
1.0,1.4
1.0,1.78
1.0,1.06
1.0,1.4
1.0,1.78
1.0,1.06
1.0,1.4
1.0,1.78
1.0,1.06
1.98,2.04
1.98,1.78
1.98,1.06
1.98,2.04
1.98,1.78
1.98,1.06
1.98,2.04
1.98,1.78
1.98,1.06
0.02,1.83
0.02,1.78
0.02,1.06
0.02,1.83
0.02,1.78
0.02,1.06
0.02,1.83
0.02,1.78
0.02,1.06
1.0,1.4
1.0,1.78
1.0,1.06
1.0,1.4
1.0,1.78
1.0,1.06
1.0,1.4
1.0,1.78
1.0,1.06
1.98,2.04
1.98,2.5
1.98,1.06
1.98,2.04
1.98,2.5
1.98,1.06
1.98,2.04
1.98,2.5
1.98,1.06
0.66,2.4
0.66,2.5
0.66,1.06
0.66,2.4
0.66,2.5
0.66,1.06
0.66,2.4
0.66,2.5
0.66,1.06
1.0,1.4
1.0,2.5
1.0,1.06
1.0,1.4
1.0,2.5
1.0,1.06
1.0,1.4
1.0,2.5
1.0,1.06
1.98,2.04
1.98,2.5
1.98,1.06
1.98,2.04
1.98,2.5
1.98,1.06
1.98,2.04
1.98,2.5
1.98,1.06
0.66,2.4
0.66,2.5
0.66,1.06
0.66,2.4
0.66,2.5
0.66,1.06
0.66,2.4
0.66,2.5
0.66,1.06
1.0,1.4
1.0,2.5
1.0,1.06
1.0,1.4
1.0,2.5
1.0,1.06
1.0,1.4
1.0,2.5
1.0,1.06
1.98,2.04
1.98,2.5
1.98,1.06
1.98,2.04
1.98,2.5
1.98,1.06
1.98,2.04
1.98,2.5
1.98,1.06
0.66,2.4
0.66,2.5
0.66,1.06
0.66,2.4
0.66,2.5
0.66,1.06
0.66,2.4
0.66,2.5
0.66,1.06
1.0,1.4
1.0,2.5
1.0,1.06
1.0,1.4
1.0,2.5
1.0,1.06
1.0,1.4
1.0,2.5
1.0,1.06
1.98,2.04
1.98,2.5
1.98,1.06
1.98,2.04
1.98,2.5
1.98,1.06
1.98,2.04
1.98,2.5
1.98,1.06
0.66,2.4
0.66,2.5
0.66,1.06
0.66,2.4
0.66,2.5
0.66,1.06
0.66,2.4
0.66,2.5
0.66,1.06
1.0,1.4
1.0,2.5
1.0,1.06
1.0,1.4
1.0,2.5
1.0,1.06
1.0,1.4
1.0,2.5
1.0,1.06
1.98,2.04
1.98,2.5
1.98,1.06
1.98,2.04
1.98,2.5
1.98,1.06
1.98,2.04
1.98,2.5
1.98,1.06
0.66,2.4
0.66,2.5
0.66,1.06
0.66,2.4
0.66,2.5
0.66,1.06
0.66,2.4
0.66,2.5
0.66,1.06
1.0,1.4
1.0,2.5
1.0,1.06
1.0,1.4
1.0,2.5
1.0,1.06
1.0,1.4
1.0,2.5
1.0,1.06
1.98,2.04
1.98,2.5
1.98,1.06
1.98,2.04
1.98,2.5
1.98,1.06
1.98,2.04
1.98,2.5
1.98,1.06
0.66,2.4
0.66,2.5
0.66,1.06
0.66,2.4
0.66,2.5
0.66,1.06
0.66,2.4
0.66,2.5
0.66,1.06
1.0,1.4
1.0,2.5
1.0,1.06
1.0,1.4
1.0,2.5
1.0,1.06
1.0,1.4
1.0,2.5
1.0,1.06
1.98,2.04
1.98,2.5
1.98,1.06
1.98,2.04
1.98,2.5
1.98,1.06
1.98,2.04
1.98,2.5
1.98,1.06
0.66,2.4
0.66,2.5
0.66,1.06
0.66,2.4
0.66,2.5
0.66,1.06
0.66,2.4
0.66,2.5
0.66,1.06
1.0,1.4
1.0,2.5
1.0,1.06
1.0,1.4
1.0,2.5
1.0,1.06
1.0,1.4
1.0,2.5
1.0,1.06
1.98,2.04
1.98,2.5
1.98,1.06
1.98,2.04
1.98,2.5
1.98,1.06
1.98,2.04
1.98,2.5
1.98,1.06
0.66,2.4
0.66,2.5
0.66,1.06
0.66,2.4
0.66,2.5
0.66,1.06
0.66,2.4
0.66,2.5
0.66,1.06
1.0,1.4
1.0,2.5
1.0,1.06
1.0,1.4
1.0,2.5
1.0,1.06
1.0,1.4
1.0,2.5
1.0,1.06
1.98,2.04
1.98,2.5
1.98,1.06
1.98,2.04
1.98,2.5
1.98,1.06
1.98,2.04
1.98,2.5
1.98,1.06
0.66,2.4
0.66,2.5
0.66,1.06
0.66,2.4
0.66,2.5
0.66,1.06
0.66,2.4
0.66,2.5
0.66,1.06
1.0,1.4
1.0,2.5
1.0,1.06
1.0,1.4
1.0,2.5
1.0,1.06
1.0,1.4
1.0,2.5
1.0,1.06
1.98,2.07
1.98,2.07
1.98,2.07
1.98,1.11
1.98,1.11
1.98,1.11
1.98,2.05
1.98,1.11
1.98,1.11
1.0,1.43
1.0,1.43
1.0,1.43
1.0,1.11
1.0,1.11
1.0,1.11
1.0,1.29
1.0,1.11
1.0,1.11
1.0,1.43
1.0,1.31
1.0,1.11
1.0,1.11
1.0,1.11
1.0,1.11
1.0,1.43
1.0,1.11
1.0,1.11
1.98,2.1
1.98,2.08
1.98,1.14
1.98,2.1
1.98,1.14
1.98,1.14
1.98,2.1
1.98,1.14
1.98,1.14
1.0,1.46
1.0,1.46
1.0,1.14
1.0,1.16
1.0,1.14
1.0,1.14
1.0,1.34
1.0,1.14
1.0,1.14
1.0,1.46
1.0,1.34
1.0,1.14
1.0,1.46
1.0,1.14
1.0,1.14
1.0,1.46
1.0,1.14
1.0,1.14
1.98,4.29
1.98,4.29
1.98,4.29
1.98,4.29
1.98,4.29
1.98,4.29
1.98,4.29
1.98,4.29
1.98,4.29
1.0,4.29
1.0,4.29
1.0,4.29
1.0,4.29
1.0,4.29
1.0,4.29
1.0,4.29
1.0,4.29
1.0,4.29
1.0,4.29
1.0,4.29
1.0,4.29
1.0,4.29
1.0,4.29
1.0,4.29
1.0,4.29
1.0,4.29
1.0,4.29
1.98,2.07
1.98,2.07
1.98,2.07
1.98,1.11
1.98,1.11
1.98,1.11
1.98,2.05
1.98,1.11
1.98,1.11
1.0,1.43
1.0,1.43
1.0,1.43
1.0,1.11
1.0,1.11
1.0,1.11
1.0,1.29
1.0,1.11
1.0,1.11
1.0,1.43
1.0,1.31
1.0,1.11
1.0,1.11
1.0,1.11
1.0,1.11
1.0,1.43
1.0,1.11
1.0,1.11
1.98,4.98
1.98,4.98
1.98,4.98
1.98,4.98
1.98,4.98
1.98,4.98
1.98,4.98
1.98,4.98
1.98,4.98
1.0,4.98
1.0,4.98
1.0,4.98
1.0,4.98
1.0,4.98
1.0,4.98
1.0,4.98
1.0,4.98
1.0,4.98
1.0,4.98
1.0,4.98
1.0,4.98
1.0,4.98
1.0,4.98
1.0,4.98
1.0,4.98
1.0,4.98
1.0,4.98
1.98,4.29
1.98,4.29
1.98,4.29
1.98,4.29
1.98,4.29
1.98,4.29
1.98,4.29
1.98,4.29
1.98,4.29
1.0,4.29
1.0,4.29
1.0,4.29
1.0,4.29
1.0,4.29
1.0,4.29
1.0,4.29
1.0,4.29
1.0,4.29
1.0,4.29
1.0,4.29
1.0,4.29
1.0,4.29
1.0,4.29
1.0,4.29
1.0,4.29
1.0,4.29
1.0,4.29
1.98,2.07
1.98,2.07
1.98,2.07
1.98,1.11
1.98,1.11
1.98,1.11
1.98,2.05
1.98,1.11
1.98,1.11
1.0,1.43
1.0,1.43
1.0,1.43
1.0,1.11
1.0,1.11
1.0,1.11
1.0,1.29
1.0,1.11
1.0,1.11
1.0,1.43
1.0,1.31
1.0,1.11
1.0,1.11
1.0,1.11
1.0,1.11
1.0,1.43
1.0,1.11
1.0,1.11
1.98,2.08
1.98,2.06
1.98,1.14
1.98,2.08
1.98,1.14
1.98,1.14
1.98,2.08
1.98,1.14
1.98,1.14
1.0,1.46
1.0,1.44
1.0,1.14
1.0,1.14
1.0,1.14
1.0,1.14
1.0,1.32
1.0,1.14
1.0,1.14
1.0,1.46
1.0,1.32
1.0,1.14
1.0,1.46
1.0,1.14
1.0,1.14
1.0,1.46
1.0,1.14
1.0,1.14
1.98,4.29
1.98,4.29
1.98,4.29
1.98,4.29
1.98,4.29
1.98,4.29
1.98,4.29
1.98,4.29
1.98,4.29
1.0,4.29
1.0,4.29
1.0,4.29
1.0,4.29
1.0,4.29
1.0,4.29
1.0,4.29
1.0,4.29
1.0,4.29
1.0,4.29
1.0,4.29
1.0,4.29
1.0,4.29
1.0,4.29
1.0,4.29
1.0,4.29
1.0,4.29
1.0,4.29
1.98,2.07
1.98,2.07
1.98,2.07
1.98,2.08
1.98,2.39
1.98,1.14
1.98,2.05
1.98,2.34
1.98,1.11
0.02,2.31
0.02,2.39
0.02,1.16
0.02,2.31
0.02,2.39
0.02,1.14
0.02,2.26
0.02,2.34
0.02,1.11
1.0,1.43
1.0,2.36
1.0,1.11
1.0,1.46
1.0,2.39
1.0,1.14
1.0,1.43
1.0,2.34
1.0,1.11
1.98,2.1
1.98,2.42
1.98,1.14
1.98,2.1
1.98,2.42
1.98,1.14
1.98,2.1
1.98,2.42
1.98,1.14
0.02,2.34
0.02,2.42
0.02,1.14
0.02,2.34
0.02,2.42
0.02,1.14
0.02,2.34
0.02,2.42
0.02,1.14
1.0,1.46
1.0,2.42
1.0,1.14
1.0,1.46
1.0,2.42
1.0,1.14
1.0,1.46
1.0,2.42
1.0,1.14
1.98,4.29
1.98,4.29
1.98,4.29
1.98,4.29
1.98,4.29
1.98,4.29
1.98,4.29
1.98,4.29
1.98,4.29
0.02,4.29
0.02,4.29
0.02,4.29
0.02,4.29
0.02,4.29
0.02,4.29
0.02,4.29
0.02,4.29
0.02,4.29
1.0,4.29
1.0,4.29
1.0,4.29
1.0,4.29
1.0,4.29
1.0,4.29
1.0,4.29
1.0,4.29
1.0,4.29
1.98,2.07
1.98,2.07
1.98,2.07
1.98,4.9
1.98,4.9
1.98,4.9
1.98,2.05
1.98,4.82
1.98,1.11
0.02,4.87
0.02,4.87
0.02,4.87
0.02,4.9
0.02,4.9
0.02,4.9
0.02,4.79
0.02,4.82
0.02,1.11
1.0,1.43
1.0,4.79
1.0,1.11
1.0,4.9
1.0,4.9
1.0,4.9
1.0,1.43
1.0,4.82
1.0,1.11
1.98,4.98
1.98,4.98
1.98,4.98
1.98,4.98
1.98,4.98
1.98,4.98
1.98,4.98
1.98,4.98
1.98,4.98
0.02,4.98
0.02,4.98
0.02,4.98
0.02,4.98
0.02,4.98
0.02,4.98
0.02,4.98
0.02,4.98
0.02,4.98
1.0,4.98
1.0,4.98
1.0,4.98
1.0,4.98
1.0,4.98
1.0,4.98
1.0,4.98
1.0,4.98
1.0,4.98
1.98,4.29
1.98,4.29
1.98,4.29
1.98,4.29
1.98,4.29
1.98,4.29
1.98,4.29
1.98,4.29
1.98,4.29
0.02,4.29
0.02,4.29
0.02,4.29
0.02,4.29
0.02,4.29
0.02,4.29
0.02,4.29
0.02,4.29
0.02,4.29
1.0,4.29
1.0,4.29
1.0,4.29
1.0,4.29
1.0,4.29
1.0,4.29
1.0,4.29
1.0,4.29
1.0,4.29
1.98,2.07
1.98,2.07
1.98,2.07
1.98,2.06
1.98,1.83
1.98,1.14
1.98,2.05
1.98,1.83
1.98,1.11
0.02,1.88
0.02,1.83
0.02,1.14
0.02,1.86
0.02,1.83
0.02,1.14
0.02,1.86
0.02,1.83
0.02,1.11
1.0,1.43
1.0,1.8
1.0,1.11
1.0,1.44
1.0,1.83
1.0,1.14
1.0,1.43
1.0,1.83
1.0,1.11
1.98,2.08
1.98,1.86
1.98,1.14
1.98,2.08
1.98,1.86
1.98,1.14
1.98,2.08
1.98,1.86
1.98,1.14
0.02,1.89
0.02,1.86
0.02,1.14
0.02,1.89
0.02,1.86
0.02,1.14
0.02,1.89
0.02,1.86
0.02,1.14
1.0,1.46
1.0,1.86
1.0,1.14
1.0,1.46
1.0,1.86
1.0,1.14
1.0,1.46
1.0,1.86
1.0,1.14
1.98,4.29
1.98,4.29
1.98,4.29
1.98,4.29
1.98,4.29
1.98,4.29
1.98,4.29
1.98,4.29
1.98,4.29
0.02,4.29
0.02,4.29
0.02,4.29
0.02,4.29
0.02,4.29
0.02,4.29
0.02,4.29
0.02,4.29
0.02,4.29
1.0,4.29
1.0,4.29
1.0,4.29
1.0,4.29
1.0,4.29
1.0,4.29
1.0,4.29
1.0,4.29
1.0,4.29
1.98,2.07
1.98,2.07
1.98,2.07
1.98,3.0
1.98,3.0
1.98,3.0
1.98,2.05
1.98,2.46
1.98,1.11
0.66,2.87
0.66,2.87
0.66,2.87
0.66,3.0
0.66,3.0
0.66,3.0
0.66,2.43
0.66,2.46
0.66,1.11
1.0,1.43
1.0,2.43
1.0,1.11
1.0,3.0
1.0,3.0
1.0,3.0
1.0,1.43
1.0,2.46
1.0,1.11
1.98,2.1
1.98,3.38
1.98,1.14
1.98,2.1
1.98,3.38
1.98,1.14
1.98,2.1
1.98,3.38
1.98,1.14
0.66,3.16
0.66,3.38
0.66,1.14
0.66,3.16
0.66,3.38
0.66,1.14
0.66,3.16
0.66,3.38
0.66,1.14
1.0,1.46
1.0,3.38
1.0,1.14
1.0,1.46
1.0,3.38
1.0,1.14
1.0,1.46
1.0,3.38
1.0,1.14
1.98,4.29
1.98,4.29
1.98,4.29
1.98,4.29
1.98,4.29
1.98,4.29
1.98,4.29
1.98,4.29
1.98,4.29
0.66,4.29
0.66,4.29
0.66,4.29
0.66,4.29
0.66,4.29
0.66,4.29
0.66,4.29
0.66,4.29
0.66,4.29
1.0,4.29
1.0,4.29
1.0,4.29
1.0,4.29
1.0,4.29
1.0,4.29
1.0,4.29
1.0,4.29
1.0,4.29
1.98,2.07
1.98,2.07
1.98,2.07
1.98,3.0
1.98,3.0
1.98,3.0
1.98,2.05
1.98,2.46
1.98,1.11
0.66,2.87
0.66,2.87
0.66,2.87
0.66,3.0
0.66,3.0
0.66,3.0
0.66,2.43
0.66,2.46
0.66,1.11
1.0,1.43
1.0,2.43
1.0,1.11
1.0,3.0
1.0,3.0
1.0,3.0
1.0,1.43
1.0,2.46
1.0,1.11
1.98,4.98
1.98,4.98
1.98,4.98
1.98,4.98
1.98,4.98
1.98,4.98
1.98,4.98
1.98,4.98
1.98,4.98
0.66,4.98
0.66,4.98
0.66,4.98
0.66,4.98
0.66,4.98
0.66,4.98
0.66,4.98
0.66,4.98
0.66,4.98
1.0,4.98
1.0,4.98
1.0,4.98
1.0,4.98
1.0,4.98
1.0,4.98
1.0,4.98
1.0,4.98
1.0,4.98
1.98,4.29
1.98,4.29
1.98,4.29
1.98,4.29
1.98,4.29
1.98,4.29
1.98,4.29
1.98,4.29
1.98,4.29
0.66,4.29
0.66,4.29
0.66,4.29
0.66,4.29
0.66,4.29
0.66,4.29
0.66,4.29
0.66,4.29
0.66,4.29
1.0,4.29
1.0,4.29
1.0,4.29
1.0,4.29
1.0,4.29
1.0,4.29
1.0,4.29
1.0,4.29
1.0,4.29
1.98,2.07
1.98,2.07
1.98,2.07
1.98,3.0
1.98,3.0
1.98,3.0
1.98,2.05
1.98,2.46
1.98,1.11
0.66,2.87
0.66,2.87
0.66,2.87
0.66,3.0
0.66,3.0
0.66,3.0
0.66,2.43
0.66,2.46
0.66,1.11
1.0,1.43
1.0,2.43
1.0,1.11
1.0,3.0
1.0,3.0
1.0,3.0
1.0,1.43
1.0,2.46
1.0,1.11
1.98,2.08
1.98,2.88
1.98,1.14
1.98,2.08
1.98,2.88
1.98,1.14
1.98,2.08
1.98,2.88
1.98,1.14
0.66,2.82
0.66,2.88
0.66,1.14
0.66,2.82
0.66,2.88
0.66,1.14
0.66,2.82
0.66,2.88
0.66,1.14
1.0,1.46
1.0,2.88
1.0,1.14
1.0,1.46
1.0,2.88
1.0,1.14
1.0,1.46
1.0,2.88
1.0,1.14
1.98,4.29
1.98,4.29
1.98,4.29
1.98,4.29
1.98,4.29
1.98,4.29
1.98,4.29
1.98,4.29
1.98,4.29
0.66,4.29
0.66,4.29
0.66,4.29
0.66,4.29
0.66,4.29
0.66,4.29
0.66,4.29
0.66,4.29
0.66,4.29
1.0,4.29
1.0,4.29
1.0,4.29
1.0,4.29
1.0,4.29
1.0,4.29
1.0,4.29
1.0,4.29
1.0,4.29
1.98,7.92
1.98,7.92
1.98,7.92
1.98,7.92
1.98,7.92
1.98,7.92
1.98,7.92
1.98,7.92
1.98,7.92
1.0,7.92
1.0,7.92
1.0,7.92
1.0,7.92
1.0,7.92
1.0,7.92
1.0,7.92
1.0,7.92
1.0,7.92
1.0,7.92
1.0,7.92
1.0,7.92
1.0,7.92
1.0,7.92
1.0,7.92
1.0,7.92
1.0,7.92
1.0,7.92
1.98,7.92
1.98,7.92
1.98,7.92
1.98,7.92
1.98,7.92
1.98,7.92
1.98,7.92
1.98,7.92
1.98,7.92
1.0,7.92
1.0,7.92
1.0,7.92
1.0,7.92
1.0,7.92
1.0,7.92
1.0,7.92
1.0,7.92
1.0,7.92
1.0,7.92
1.0,7.92
1.0,7.92
1.0,7.92
1.0,7.92
1.0,7.92
1.0,7.92
1.0,7.92
1.0,7.92
1.98,7.92
1.98,7.92
1.98,7.92
1.98,7.92
1.98,7.92
1.98,7.92
1.98,7.92
1.98,7.92
1.98,7.92
1.0,7.92
1.0,7.92
1.0,7.92
1.0,7.92
1.0,7.92
1.0,7.92
1.0,7.92
1.0,7.92
1.0,7.92
1.0,7.92
1.0,7.92
1.0,7.92
1.0,7.92
1.0,7.92
1.0,7.92
1.0,7.92
1.0,7.92
1.0,7.92
1.98,7.92
1.98,7.92
1.98,7.92
1.98,7.92
1.98,7.92
1.98,7.92
1.98,7.92
1.98,7.92
1.98,7.92
1.0,7.92
1.0,7.92
1.0,7.92
1.0,7.92
1.0,7.92
1.0,7.92
1.0,7.92
1.0,7.92
1.0,7.92
1.0,7.92
1.0,7.92
1.0,7.92
1.0,7.92
1.0,7.92
1.0,7.92
1.0,7.92
1.0,7.92
1.0,7.92
1.98,7.92
1.98,7.92
1.98,7.92
1.98,7.92
1.98,7.92
1.98,7.92
1.98,7.92
1.98,7.92
1.98,7.92
1.0,7.92
1.0,7.92
1.0,7.92
1.0,7.92
1.0,7.92
1.0,7.92
1.0,7.92
1.0,7.92
1.0,7.92
1.0,7.92
1.0,7.92
1.0,7.92
1.0,7.92
1.0,7.92
1.0,7.92
1.0,7.92
1.0,7.92
1.0,7.92
1.98,7.92
1.98,7.92
1.98,7.92
1.98,7.92
1.98,7.92
1.98,7.92
1.98,7.92
1.98,7.92
1.98,7.92
1.0,7.92
1.0,7.92
1.0,7.92
1.0,7.92
1.0,7.92
1.0,7.92
1.0,7.92
1.0,7.92
1.0,7.92
1.0,7.92
1.0,7.92
1.0,7.92
1.0,7.92
1.0,7.92
1.0,7.92
1.0,7.92
1.0,7.92
1.0,7.92
1.98,7.92
1.98,7.92
1.98,7.92
1.98,7.92
1.98,7.92
1.98,7.92
1.98,7.92
1.98,7.92
1.98,7.92
1.0,7.92
1.0,7.92
1.0,7.92
1.0,7.92
1.0,7.92
1.0,7.92
1.0,7.92
1.0,7.92
1.0,7.92
1.0,7.92
1.0,7.92
1.0,7.92
1.0,7.92
1.0,7.92
1.0,7.92
1.0,7.92
1.0,7.92
1.0,7.92
1.98,7.92
1.98,7.92
1.98,7.92
1.98,7.92
1.98,7.92
1.98,7.92
1.98,7.92
1.98,7.92
1.98,7.92
1.0,7.92
1.0,7.92
1.0,7.92
1.0,7.92
1.0,7.92
1.0,7.92
1.0,7.92
1.0,7.92
1.0,7.92
1.0,7.92
1.0,7.92
1.0,7.92
1.0,7.92
1.0,7.92
1.0,7.92
1.0,7.92
1.0,7.92
1.0,7.92
1.98,7.92
1.98,7.92
1.98,7.92
1.98,7.92
1.98,7.92
1.98,7.92
1.98,7.92
1.98,7.92
1.98,7.92
1.0,7.92
1.0,7.92
1.0,7.92
1.0,7.92
1.0,7.92
1.0,7.92
1.0,7.92
1.0,7.92
1.0,7.92
1.0,7.92
1.0,7.92
1.0,7.92
1.0,7.92
1.0,7.92
1.0,7.92
1.0,7.92
1.0,7.92
1.0,7.92
1.98,7.92
1.98,7.92
1.98,7.92
1.98,7.92
1.98,7.92
1.98,7.92
1.98,7.92
1.98,7.92
1.98,7.92
0.02,7.92
0.02,7.92
0.02,7.92
0.02,7.92
0.02,7.92
0.02,7.92
0.02,7.92
0.02,7.92
0.02,7.92
1.0,7.92
1.0,7.92
1.0,7.92
1.0,7.92
1.0,7.92
1.0,7.92
1.0,7.92
1.0,7.92
1.0,7.92
1.98,7.92
1.98,7.92
1.98,7.92
1.98,7.92
1.98,7.92
1.98,7.92
1.98,7.92
1.98,7.92
1.98,7.92
0.02,7.92
0.02,7.92
0.02,7.92
0.02,7.92
0.02,7.92
0.02,7.92
0.02,7.92
0.02,7.92
0.02,7.92
1.0,7.92
1.0,7.92
1.0,7.92
1.0,7.92
1.0,7.92
1.0,7.92
1.0,7.92
1.0,7.92
1.0,7.92
1.98,7.92
1.98,7.92
1.98,7.92
1.98,7.92
1.98,7.92
1.98,7.92
1.98,7.92
1.98,7.92
1.98,7.92
0.02,7.92
0.02,7.92
0.02,7.92
0.02,7.92
0.02,7.92
0.02,7.92
0.02,7.92
0.02,7.92
0.02,7.92
1.0,7.92
1.0,7.92
1.0,7.92
1.0,7.92
1.0,7.92
1.0,7.92
1.0,7.92
1.0,7.92
1.0,7.92
1.98,7.92
1.98,7.92
1.98,7.92
1.98,7.92
1.98,7.92
1.98,7.92
1.98,7.92
1.98,7.92
1.98,7.92
0.02,7.92
0.02,7.92
0.02,7.92
0.02,7.92
0.02,7.92
0.02,7.92
0.02,7.92
0.02,7.92
0.02,7.92
1.0,7.92
1.0,7.92
1.0,7.92
1.0,7.92
1.0,7.92
1.0,7.92
1.0,7.92
1.0,7.92
1.0,7.92
1.98,7.92
1.98,7.92
1.98,7.92
1.98,7.92
1.98,7.92
1.98,7.92
1.98,7.92
1.98,7.92
1.98,7.92
0.02,7.92
0.02,7.92
0.02,7.92
0.02,7.92
0.02,7.92
0.02,7.92
0.02,7.92
0.02,7.92
0.02,7.92
1.0,7.92
1.0,7.92
1.0,7.92
1.0,7.92
1.0,7.92
1.0,7.92
1.0,7.92
1.0,7.92
1.0,7.92
1.98,7.92
1.98,7.92
1.98,7.92
1.98,7.92
1.98,7.92
1.98,7.92
1.98,7.92
1.98,7.92
1.98,7.92
0.02,7.92
0.02,7.92
0.02,7.92
0.02,7.92
0.02,7.92
0.02,7.92
0.02,7.92
0.02,7.92
0.02,7.92
1.0,7.92
1.0,7.92
1.0,7.92
1.0,7.92
1.0,7.92
1.0,7.92
1.0,7.92
1.0,7.92
1.0,7.92
1.98,7.92
1.98,7.92
1.98,7.92
1.98,7.92
1.98,7.92
1.98,7.92
1.98,7.92
1.98,7.92
1.98,7.92
0.02,7.92
0.02,7.92
0.02,7.92
0.02,7.92
0.02,7.92
0.02,7.92
0.02,7.92
0.02,7.92
0.02,7.92
1.0,7.92
1.0,7.92
1.0,7.92
1.0,7.92
1.0,7.92
1.0,7.92
1.0,7.92
1.0,7.92
1.0,7.92
1.98,7.92
1.98,7.92
1.98,7.92
1.98,7.92
1.98,7.92
1.98,7.92
1.98,7.92
1.98,7.92
1.98,7.92
0.02,7.92
0.02,7.92
0.02,7.92
0.02,7.92
0.02,7.92
0.02,7.92
0.02,7.92
0.02,7.92
0.02,7.92
1.0,7.92
1.0,7.92
1.0,7.92
1.0,7.92
1.0,7.92
1.0,7.92
1.0,7.92
1.0,7.92
1.0,7.92
1.98,7.92
1.98,7.92
1.98,7.92
1.98,7.92
1.98,7.92
1.98,7.92
1.98,7.92
1.98,7.92
1.98,7.92
0.02,7.92
0.02,7.92
0.02,7.92
0.02,7.92
0.02,7.92
0.02,7.92
0.02,7.92
0.02,7.92
0.02,7.92
1.0,7.92
1.0,7.92
1.0,7.92
1.0,7.92
1.0,7.92
1.0,7.92
1.0,7.92
1.0,7.92
1.0,7.92
1.98,7.92
1.98,7.92
1.98,7.92
1.98,7.92
1.98,7.92
1.98,7.92
1.98,7.92
1.98,7.92
1.98,7.92
0.66,7.92
0.66,7.92
0.66,7.92
0.66,7.92
0.66,7.92
0.66,7.92
0.66,7.92
0.66,7.92
0.66,7.92
1.0,7.92
1.0,7.92
1.0,7.92
1.0,7.92
1.0,7.92
1.0,7.92
1.0,7.92
1.0,7.92
1.0,7.92
1.98,7.92
1.98,7.92
1.98,7.92
1.98,7.92
1.98,7.92
1.98,7.92
1.98,7.92
1.98,7.92
1.98,7.92
0.66,7.92
0.66,7.92
0.66,7.92
0.66,7.92
0.66,7.92
0.66,7.92
0.66,7.92
0.66,7.92
0.66,7.92
1.0,7.92
1.0,7.92
1.0,7.92
1.0,7.92
1.0,7.92
1.0,7.92
1.0,7.92
1.0,7.92
1.0,7.92
1.98,7.92
1.98,7.92
1.98,7.92
1.98,7.92
1.98,7.92
1.98,7.92
1.98,7.92
1.98,7.92
1.98,7.92
0.66,7.92
0.66,7.92
0.66,7.92
0.66,7.92
0.66,7.92
0.66,7.92
0.66,7.92
0.66,7.92
0.66,7.92
1.0,7.92
1.0,7.92
1.0,7.92
1.0,7.92
1.0,7.92
1.0,7.92
1.0,7.92
1.0,7.92
1.0,7.92
1.98,7.92
1.98,7.92
1.98,7.92
1.98,7.92
1.98,7.92
1.98,7.92
1.98,7.92
1.98,7.92
1.98,7.92
0.66,7.92
0.66,7.92
0.66,7.92
0.66,7.92
0.66,7.92
0.66,7.92
0.66,7.92
0.66,7.92
0.66,7.92
1.0,7.92
1.0,7.92
1.0,7.92
1.0,7.92
1.0,7.92
1.0,7.92
1.0,7.92
1.0,7.92
1.0,7.92
1.98,7.92
1.98,7.92
1.98,7.92
1.98,7.92
1.98,7.92
1.98,7.92
1.98,7.92
1.98,7.92
1.98,7.92
0.66,7.92
0.66,7.92
0.66,7.92
0.66,7.92
0.66,7.92
0.66,7.92
0.66,7.92
0.66,7.92
0.66,7.92
1.0,7.92
1.0,7.92
1.0,7.92
1.0,7.92
1.0,7.92
1.0,7.92
1.0,7.92
1.0,7.92
1.0,7.92
1.98,7.92
1.98,7.92
1.98,7.92
1.98,7.92
1.98,7.92
1.98,7.92
1.98,7.92
1.98,7.92
1.98,7.92
0.66,7.92
0.66,7.92
0.66,7.92
0.66,7.92
0.66,7.92
0.66,7.92
0.66,7.92
0.66,7.92
0.66,7.92
1.0,7.92
1.0,7.92
1.0,7.92
1.0,7.92
1.0,7.92
1.0,7.92
1.0,7.92
1.0,7.92
1.0,7.92
1.98,7.92
1.98,7.92
1.98,7.92
1.98,7.92
1.98,7.92
1.98,7.92
1.98,7.92
1.98,7.92
1.98,7.92
0.66,7.92
0.66,7.92
0.66,7.92
0.66,7.92
0.66,7.92
0.66,7.92
0.66,7.92
0.66,7.92
0.66,7.92
1.0,7.92
1.0,7.92
1.0,7.92
1.0,7.92
1.0,7.92
1.0,7.92
1.0,7.92
1.0,7.92
1.0,7.92
1.98,7.92
1.98,7.92
1.98,7.92
1.98,7.92
1.98,7.92
1.98,7.92
1.98,7.92
1.98,7.92
1.98,7.92
0.66,7.92
0.66,7.92
0.66,7.92
0.66,7.92
0.66,7.92
0.66,7.92
0.66,7.92
0.66,7.92
0.66,7.92
1.0,7.92
1.0,7.92
1.0,7.92
1.0,7.92
1.0,7.92
1.0,7.92
1.0,7.92
1.0,7.92
1.0,7.92
1.98,7.92
1.98,7.92
1.98,7.92
1.98,7.92
1.98,7.92
1.98,7.92
1.98,7.92
1.98,7.92
1.98,7.92
0.66,7.92
0.66,7.92
0.66,7.92
0.66,7.92
0.66,7.92
0.66,7.92
0.66,7.92
0.66,7.92
0.66,7.92
1.0,7.92
1.0,7.92
1.0,7.92
1.0,7.92
1.0,7.92
1.0,7.92
1.0,7.92
1.0,7.92
1.0,7.92
1.96,1.98
1.96,1.96
1.96,1.99
1.96,1.98
1.96,1.0
1.96,1.03
1.96,1.98
1.96,2.28
1.96,2.31
0.98,1.32
0.98,1.32
0.98,1.35
0.98,1.0
0.98,1.0
0.98,1.03
0.98,2.28
0.98,2.28
0.98,2.31
0.66,2.2
0.66,2.2
0.66,2.23
0.66,1.05
0.66,1.0
0.66,1.03
0.66,2.28
0.66,2.28
0.66,2.31
1.96,1.98
1.96,1.96
1.96,2.95
1.96,1.98
1.96,1.0
1.96,2.95
1.96,1.98
1.96,2.28
1.96,2.95
0.98,1.32
0.98,1.32
0.98,2.95
0.98,1.0
0.98,1.0
0.98,2.95
0.98,2.26
0.98,2.28
0.98,2.95
0.66,2.75
0.66,2.26
0.66,2.95
0.66,2.75
0.66,1.0
0.66,2.95
0.66,2.75
0.66,2.28
0.66,2.95
1.96,1.98
1.96,1.96
1.96,1.75
1.96,1.98
1.96,1.0
1.96,1.75
1.96,1.98
1.96,1.48
1.96,1.75
0.98,1.32
0.98,1.32
0.98,1.75
0.98,1.0
0.98,1.0
0.98,1.75
0.98,1.56
0.98,1.48
0.98,1.75
0.66,1.8
0.66,1.56
0.66,1.75
0.66,1.8
0.66,1.0
0.66,1.75
0.66,1.8
0.66,1.48
0.66,1.75
1.96,1.98
1.96,1.96
1.96,1.99
1.96,1.98
1.96,1.0
1.96,1.03
1.96,1.98
1.96,2.28
1.96,2.31
0.98,1.32
0.98,1.32
0.98,1.35
0.98,1.0
0.98,1.0
0.98,1.03
0.98,2.28
0.98,2.28
0.98,2.31
0.66,2.2
0.66,2.2
0.66,2.23
0.66,1.05
0.66,1.0
0.66,1.03
0.66,2.28
0.66,2.28
0.66,2.31
1.96,1.98
1.96,1.96
1.96,4.87
1.96,1.98
1.96,1.0
1.96,4.87
1.96,1.98
1.96,4.79
1.96,4.87
0.98,1.32
0.98,1.32
0.98,4.87
0.98,1.0
0.98,1.0
0.98,4.87
0.98,4.76
0.98,4.79
0.98,4.87
0.66,4.84
0.66,4.76
0.66,4.87
0.66,4.84
0.66,1.0
0.66,4.87
0.66,4.84
0.66,4.79
0.66,4.87
1.96,1.98
1.96,1.96
1.96,1.75
1.96,1.98
1.96,1.0
1.96,1.75
1.96,1.98
1.96,1.48
1.96,1.75
0.98,1.32
0.98,1.32
0.98,1.75
0.98,1.0
0.98,1.0
0.98,1.75
0.98,1.56
0.98,1.48
0.98,1.75
0.66,1.8
0.66,1.56
0.66,1.75
0.66,1.8
0.66,1.0
0.66,1.75
0.66,1.8
0.66,1.48
0.66,1.75
1.96,1.98
1.96,1.96
1.96,1.99
1.96,1.98
1.96,1.0
1.96,1.03
1.96,1.98
1.96,2.28
1.96,2.31
0.98,1.32
0.98,1.32
0.98,1.35
0.98,1.0
0.98,1.0
0.98,1.03
0.98,2.28
0.98,2.28
0.98,2.31
0.66,2.2
0.66,2.2
0.66,2.23
0.66,1.05
0.66,1.0
0.66,1.03
0.66,2.28
0.66,2.28
0.66,2.31
1.96,1.98
1.96,1.96
1.96,3.27
1.96,1.98
1.96,1.0
1.96,3.27
1.96,1.98
1.96,3.24
1.96,3.27
0.98,1.32
0.98,1.32
0.98,3.27
0.98,1.0
0.98,1.0
0.98,3.27
0.98,3.21
0.98,3.24
0.98,3.27
0.66,3.24
0.66,3.21
0.66,3.27
0.66,3.24
0.66,1.0
0.66,3.27
0.66,3.24
0.66,3.24
0.66,3.27
1.96,1.98
1.96,1.96
1.96,1.75
1.96,1.98
1.96,1.0
1.96,1.75
1.96,1.98
1.96,1.48
1.96,1.75
0.98,1.32
0.98,1.32
0.98,1.75
0.98,1.0
0.98,1.0
0.98,1.75
0.98,1.56
0.98,1.48
0.98,1.75
0.66,1.8
0.66,1.56
0.66,1.75
0.66,1.8
0.66,1.0
0.66,1.75
0.66,1.8
0.66,1.48
0.66,1.75
0.0,1.98
0.0,2.31
0.0,1.99
0.0,1.98
0.0,2.31
0.0,2.31
0.0,1.98
0.0,2.31
0.0,2.31
0.0,2.2
0.0,2.31
0.0,2.26
0.0,2.2
0.0,2.31
0.0,2.31
0.0,2.2
0.0,2.31
0.0,2.31
0.0,2.2
0.0,2.31
0.0,2.23
0.0,2.26
0.0,2.31
0.0,2.31
0.0,2.28
0.0,2.31
0.0,2.31
0.0,1.98
0.0,2.31
0.0,2.95
0.0,1.98
0.0,2.31
0.0,2.95
0.0,1.98
0.0,2.31
0.0,2.95
0.0,2.2
0.0,2.31
0.0,2.95
0.0,2.2
0.0,2.31
0.0,2.95
0.0,2.2
0.0,2.31
0.0,2.95
0.0,2.75
0.0,2.31
0.0,2.95
0.0,2.75
0.0,2.31
0.0,2.95
0.0,2.75
0.0,2.31
0.0,2.95
0.0,1.98
0.0,2.31
0.0,1.75
0.0,1.98
0.0,2.31
0.0,1.75
0.0,1.98
0.0,2.31
0.0,1.75
0.0,2.2
0.0,2.31
0.0,1.75
0.0,2.2
0.0,2.31
0.0,1.75
0.0,2.2
0.0,2.31
0.0,1.75
0.0,1.8
0.0,2.31
0.0,1.75
0.0,1.8
0.0,2.31
0.0,1.75
0.0,1.8
0.0,2.31
0.0,1.75
0.0,1.98
0.0,4.87
0.0,1.99
0.0,1.98
0.0,4.87
0.0,4.79
0.0,1.98
0.0,4.87
0.0,2.31
0.0,4.84
0.0,4.87
0.0,4.76
0.0,4.84
0.0,4.87
0.0,4.79
0.0,4.84
0.0,4.87
0.0,2.31
0.0,2.2
0.0,4.87
0.0,2.23
0.0,4.76
0.0,4.87
0.0,4.79
0.0,2.28
0.0,4.87
0.0,2.31
0.0,1.98
0.0,4.87
0.0,4.87
0.0,1.98
0.0,4.87
0.0,4.87
0.0,1.98
0.0,4.87
0.0,4.87
0.0,4.84
0.0,4.87
0.0,4.87
0.0,4.84
0.0,4.87
0.0,4.87
0.0,4.84
0.0,4.87
0.0,4.87
0.0,4.84
0.0,4.87
0.0,4.87
0.0,4.84
0.0,4.87
0.0,4.87
0.0,4.84
0.0,4.87
0.0,4.87
0.0,1.98
0.0,4.87
0.0,1.75
0.0,1.98
0.0,4.87
0.0,1.75
0.0,1.98
0.0,4.87
0.0,1.75
0.0,4.84
0.0,4.87
0.0,1.75
0.0,4.84
0.0,4.87
0.0,1.75
0.0,4.84
0.0,4.87
0.0,1.75
0.0,1.8
0.0,4.87
0.0,1.75
0.0,1.8
0.0,4.87
0.0,1.75
0.0,1.8
0.0,4.87
0.0,1.75
0.0,1.98
0.0,2.0
0.0,1.99
0.0,1.98
0.0,2.35
0.0,2.37
0.0,1.98
0.0,2.31
0.0,2.31
0.0,2.28
0.0,2.31
0.0,2.31
0.0,2.37
0.0,2.35
0.0,2.37
0.0,2.31
0.0,2.31
0.0,2.31
0.0,2.2
0.0,2.23
0.0,2.23
0.0,2.37
0.0,2.35
0.0,2.37
0.0,2.28
0.0,2.31
0.0,2.31
0.0,1.98
0.0,3.27
0.0,3.27
0.0,1.98
0.0,3.27
0.0,3.27
0.0,1.98
0.0,3.27
0.0,3.27
0.0,3.24
0.0,3.27
0.0,3.27
0.0,3.24
0.0,3.27
0.0,3.27
0.0,3.24
0.0,3.27
0.0,3.27
0.0,3.24
0.0,3.27
0.0,3.27
0.0,3.24
0.0,3.27
0.0,3.27
0.0,3.24
0.0,3.27
0.0,3.27
0.0,1.98
0.0,1.99
0.0,1.75
0.0,1.98
0.0,1.99
0.0,1.75
0.0,1.98
0.0,1.99
0.0,1.75
0.0,1.98
0.0,1.99
0.0,1.75
0.0,1.98
0.0,1.99
0.0,1.75
0.0,1.98
0.0,1.99
0.0,1.75
0.0,1.8
0.0,1.99
0.0,1.75
0.0,1.8
0.0,1.99
0.0,1.75
0.0,1.8
0.0,1.99
0.0,1.75
0.0,1.98
0.0,0.66
0.0,1.99
0.0,1.98
0.0,0.66
0.0,1.51
0.0,1.98
0.0,0.66
0.0,2.31
0.0,1.0
0.0,0.66
0.0,1.56
0.0,1.0
0.0,0.66
0.0,1.51
0.0,1.0
0.0,0.66
0.0,2.31
0.0,2.2
0.0,0.66
0.0,2.23
0.0,1.56
0.0,0.66
0.0,1.51
0.0,2.28
0.0,0.66
0.0,2.31
0.0,1.98
0.0,0.66
0.0,2.95
0.0,1.98
0.0,0.66
0.0,2.95
0.0,1.98
0.0,0.66
0.0,2.95
0.0,1.0
0.0,0.66
0.0,2.95
0.0,1.0
0.0,0.66
0.0,2.95
0.0,1.0
0.0,0.66
0.0,2.95
0.0,2.75
0.0,0.66
0.0,2.95
0.0,2.75
0.0,0.66
0.0,2.95
0.0,2.75
0.0,0.66
0.0,2.95
0.0,1.98
0.0,0.66
0.0,1.75
0.0,1.98
0.0,0.66
0.0,1.75
0.0,1.98
0.0,0.66
0.0,1.75
0.0,1.0
0.0,0.66
0.0,1.75
0.0,1.0
0.0,0.66
0.0,1.75
0.0,1.0
0.0,0.66
0.0,1.75
0.0,1.8
0.0,0.66
0.0,1.75
0.0,1.8
0.0,0.66
0.0,1.75
0.0,1.8
0.0,0.66
0.0,1.75
0.0,1.98
0.0,0.66
0.0,1.99
0.0,1.98
0.0,0.66
0.0,1.51
0.0,1.98
0.0,0.66
0.0,2.31
0.0,1.0
0.0,0.66
0.0,1.56
0.0,1.0
0.0,0.66
0.0,1.51
0.0,1.0
0.0,0.66
0.0,2.31
0.0,2.2
0.0,0.66
0.0,2.23
0.0,1.56
0.0,0.66
0.0,1.51
0.0,2.28
0.0,0.66
0.0,2.31
0.0,1.98
0.0,0.66
0.0,4.87
0.0,1.98
0.0,0.66
0.0,4.87
0.0,1.98
0.0,0.66
0.0,4.87
0.0,1.0
0.0,0.66
0.0,4.87
0.0,1.0
0.0,0.66
0.0,4.87
0.0,1.0
0.0,0.66
0.0,4.87
0.0,4.84
0.0,0.66
0.0,4.87
0.0,4.84
0.0,0.66
0.0,4.87
0.0,4.84
0.0,0.66
0.0,4.87
0.0,1.98
0.0,0.66
0.0,1.75
0.0,1.98
0.0,0.66
0.0,1.75
0.0,1.98
0.0,0.66
0.0,1.75
0.0,1.0
0.0,0.66
0.0,1.75
0.0,1.0
0.0,0.66
0.0,1.75
0.0,1.0
0.0,0.66
0.0,1.75
0.0,1.8
0.0,0.66
0.0,1.75
0.0,1.8
0.0,0.66
0.0,1.75
0.0,1.8
0.0,0.66
0.0,1.75
0.0,1.98
0.0,0.66
0.0,1.99
0.0,1.98
0.0,0.66
0.0,1.51
0.0,1.98
0.0,0.66
0.0,2.31
0.0,1.0
0.0,0.66
0.0,1.56
0.0,1.0
0.0,0.66
0.0,1.51
0.0,1.0
0.0,0.66
0.0,2.31
0.0,2.2
0.0,0.66
0.0,2.23
0.0,1.56
0.0,0.66
0.0,1.51
0.0,2.28
0.0,0.66
0.0,2.31
0.0,1.98
0.0,0.66
0.0,3.27
0.0,1.98
0.0,0.66
0.0,3.27
0.0,1.98
0.0,0.66
0.0,3.27
0.0,1.0
0.0,0.66
0.0,3.27
0.0,1.0
0.0,0.66
0.0,3.27
0.0,1.0
0.0,0.66
0.0,3.27
0.0,3.24
0.0,0.66
0.0,3.27
0.0,3.24
0.0,0.66
0.0,3.27
0.0,3.24
0.0,0.66
0.0,3.27
0.0,1.98
0.0,0.66
0.0,1.75
0.0,1.98
0.0,0.66
0.0,1.75
0.0,1.98
0.0,0.66
0.0,1.75
0.0,1.0
0.0,0.66
0.0,1.75
0.0,1.0
0.0,0.66
0.0,1.75
0.0,1.0
0.0,0.66
0.0,1.75
0.0,1.8
0.0,0.66
0.0,1.75
0.0,1.8
0.0,0.66
0.0,1.75
0.0,1.8
0.0,0.66
0.0,1.75
1.96,1.98
1.96,1.96
1.96,1.99
1.96,1.98
1.96,1.0
1.96,1.03
1.96,1.98
1.96,2.28
1.96,2.31
0.98,1.32
0.98,1.32
0.98,1.35
0.98,1.0
0.98,1.0
0.98,1.03
0.98,2.28
0.98,2.28
0.98,2.31
0.66,2.2
0.66,2.2
0.66,2.23
0.66,1.05
0.66,1.0
0.66,1.03
0.66,2.28
0.66,2.28
0.66,2.31
1.96,1.98
1.96,1.96
1.96,2.95
1.96,1.98
1.96,1.0
1.96,2.95
1.96,1.98
1.96,2.28
1.96,2.95
0.98,1.32
0.98,1.32
0.98,2.95
0.98,1.0
0.98,1.0
0.98,2.95
0.98,2.26
0.98,2.28
0.98,2.95
0.66,2.75
0.66,2.26
0.66,2.95
0.66,2.75
0.66,1.0
0.66,2.95
0.66,2.75
0.66,2.28
0.66,2.95
1.96,1.98
1.96,1.96
1.96,1.75
1.96,1.98
1.96,1.0
1.96,1.75
1.96,1.98
1.96,1.48
1.96,1.75
0.98,1.32
0.98,1.32
0.98,1.75
0.98,1.0
0.98,1.0
0.98,1.75
0.98,1.56
0.98,1.48
0.98,1.75
0.66,1.8
0.66,1.56
0.66,1.75
0.66,1.8
0.66,1.0
0.66,1.75
0.66,1.8
0.66,1.48
0.66,1.75
1.96,1.98
1.96,1.96
1.96,1.99
1.96,1.98
1.96,1.0
1.96,1.03
1.96,1.98
1.96,2.28
1.96,2.31
0.98,1.32
0.98,1.32
0.98,1.35
0.98,1.0
0.98,1.0
0.98,1.03
0.98,2.28
0.98,2.28
0.98,2.31
0.66,2.2
0.66,2.2
0.66,2.23
0.66,1.05
0.66,1.0
0.66,1.03
0.66,2.28
0.66,2.28
0.66,2.31
1.96,1.98
1.96,1.96
1.96,4.87
1.96,1.98
1.96,1.0
1.96,4.87
1.96,1.98
1.96,4.79
1.96,4.87
0.98,1.32
0.98,1.32
0.98,4.87
0.98,1.0
0.98,1.0
0.98,4.87
0.98,4.76
0.98,4.79
0.98,4.87
0.66,4.84
0.66,4.76
0.66,4.87
0.66,4.84
0.66,1.0
0.66,4.87
0.66,4.84
0.66,4.79
0.66,4.87
1.96,1.98
1.96,1.96
1.96,1.75
1.96,1.98
1.96,1.0
1.96,1.75
1.96,1.98
1.96,1.48
1.96,1.75
0.98,1.32
0.98,1.32
0.98,1.75
0.98,1.0
0.98,1.0
0.98,1.75
0.98,1.56
0.98,1.48
0.98,1.75
0.66,1.8
0.66,1.56
0.66,1.75
0.66,1.8
0.66,1.0
0.66,1.75
0.66,1.8
0.66,1.48
0.66,1.75
1.96,1.98
1.96,1.96
1.96,1.99
1.96,1.98
1.96,1.0
1.96,1.03
1.96,1.98
1.96,2.28
1.96,2.31
0.98,1.32
0.98,1.32
0.98,1.35
0.98,1.0
0.98,1.0
0.98,1.03
0.98,2.28
0.98,2.28
0.98,2.31
0.66,2.2
0.66,2.2
0.66,2.23
0.66,1.05
0.66,1.0
0.66,1.03
0.66,2.28
0.66,2.28
0.66,2.31
1.96,1.98
1.96,1.96
1.96,3.27
1.96,1.98
1.96,1.0
1.96,3.27
1.96,1.98
1.96,3.24
1.96,3.27
0.98,1.32
0.98,1.32
0.98,3.27
0.98,1.0
0.98,1.0
0.98,3.27
0.98,3.21
0.98,3.24
0.98,3.27
0.66,3.24
0.66,3.21
0.66,3.27
0.66,3.24
0.66,1.0
0.66,3.27
0.66,3.24
0.66,3.24
0.66,3.27
1.96,1.98
1.96,1.96
1.96,1.75
1.96,1.98
1.96,1.0
1.96,1.75
1.96,1.98
1.96,1.48
1.96,1.75
0.98,1.32
0.98,1.32
0.98,1.75
0.98,1.0
0.98,1.0
0.98,1.75
0.98,1.56
0.98,1.48
0.98,1.75
0.66,1.8
0.66,1.56
0.66,1.75
0.66,1.8
0.66,1.0
0.66,1.75
0.66,1.8
0.66,1.48
0.66,1.75
0.0,1.98
0.0,2.31
0.0,1.99
0.0,1.98
0.0,2.31
0.0,2.31
0.0,1.98
0.0,2.31
0.0,2.31
0.0,2.2
0.0,2.31
0.0,2.26
0.0,2.2
0.0,2.31
0.0,2.31
0.0,2.2
0.0,2.31
0.0,2.31
0.0,2.2
0.0,2.31
0.0,2.23
0.0,2.26
0.0,2.31
0.0,2.31
0.0,2.28
0.0,2.31
0.0,2.31
0.0,1.98
0.0,2.31
0.0,2.95
0.0,1.98
0.0,2.31
0.0,2.95
0.0,1.98
0.0,2.31
0.0,2.95
0.0,2.2
0.0,2.31
0.0,2.95
0.0,2.2
0.0,2.31
0.0,2.95
0.0,2.2
0.0,2.31
0.0,2.95
0.0,2.75
0.0,2.31
0.0,2.95
0.0,2.75
0.0,2.31
0.0,2.95
0.0,2.75
0.0,2.31
0.0,2.95
0.0,1.98
0.0,2.31
0.0,1.75
0.0,1.98
0.0,2.31
0.0,1.75
0.0,1.98
0.0,2.31
0.0,1.75
0.0,2.2
0.0,2.31
0.0,1.75
0.0,2.2
0.0,2.31
0.0,1.75
0.0,2.2
0.0,2.31
0.0,1.75
0.0,1.8
0.0,2.31
0.0,1.75
0.0,1.8
0.0,2.31
0.0,1.75
0.0,1.8
0.0,2.31
0.0,1.75
0.0,1.98
0.0,4.87
0.0,1.99
0.0,1.98
0.0,4.87
0.0,4.79
0.0,1.98
0.0,4.87
0.0,2.31
0.0,4.84
0.0,4.87
0.0,4.76
0.0,4.84
0.0,4.87
0.0,4.79
0.0,4.84
0.0,4.87
0.0,2.31
0.0,2.2
0.0,4.87
0.0,2.23
0.0,4.76
0.0,4.87
0.0,4.79
0.0,2.28
0.0,4.87
0.0,2.31
0.0,1.98
0.0,4.87
0.0,4.87
0.0,1.98
0.0,4.87
0.0,4.87
0.0,1.98
0.0,4.87
0.0,4.87
0.0,4.84
0.0,4.87
0.0,4.87
0.0,4.84
0.0,4.87
0.0,4.87
0.0,4.84
0.0,4.87
0.0,4.87
0.0,4.84
0.0,4.87
0.0,4.87
0.0,4.84
0.0,4.87
0.0,4.87
0.0,4.84
0.0,4.87
0.0,4.87
0.0,1.98
0.0,4.87
0.0,1.75
0.0,1.98
0.0,4.87
0.0,1.75
0.0,1.98
0.0,4.87
0.0,1.75
0.0,4.84
0.0,4.87
0.0,1.75
0.0,4.84
0.0,4.87
0.0,1.75
0.0,4.84
0.0,4.87
0.0,1.75
0.0,1.8
0.0,4.87
0.0,1.75
0.0,1.8
0.0,4.87
0.0,1.75
0.0,1.8
0.0,4.87
0.0,1.75
0.0,1.98
0.0,2.0
0.0,1.99
0.0,1.98
0.0,2.35
0.0,2.37
0.0,1.98
0.0,2.31
0.0,2.31
0.0,2.28
0.0,2.31
0.0,2.31
0.0,2.37
0.0,2.35
0.0,2.37
0.0,2.31
0.0,2.31
0.0,2.31
0.0,2.2
0.0,2.23
0.0,2.23
0.0,2.37
0.0,2.35
0.0,2.37
0.0,2.28
0.0,2.31
0.0,2.31
0.0,1.98
0.0,3.27
0.0,3.27
0.0,1.98
0.0,3.27
0.0,3.27
0.0,1.98
0.0,3.27
0.0,3.27
0.0,3.24
0.0,3.27
0.0,3.27
0.0,3.24
0.0,3.27
0.0,3.27
0.0,3.24
0.0,3.27
0.0,3.27
0.0,3.24
0.0,3.27
0.0,3.27
0.0,3.24
0.0,3.27
0.0,3.27
0.0,3.24
0.0,3.27
0.0,3.27
0.0,1.98
0.0,1.99
0.0,1.75
0.0,1.98
0.0,1.99
0.0,1.75
0.0,1.98
0.0,1.99
0.0,1.75
0.0,1.98
0.0,1.99
0.0,1.75
0.0,1.98
0.0,1.99
0.0,1.75
0.0,1.98
0.0,1.99
0.0,1.75
0.0,1.8
0.0,1.99
0.0,1.75
0.0,1.8
0.0,1.99
0.0,1.75
0.0,1.8
0.0,1.99
0.0,1.75
0.0,1.98
0.0,0.66
0.0,1.99
0.0,1.98
0.0,0.66
0.0,1.51
0.0,1.98
0.0,0.66
0.0,2.31
0.0,1.0
0.0,0.66
0.0,1.56
0.0,1.0
0.0,0.66
0.0,1.51
0.0,1.0
0.0,0.66
0.0,2.31
0.0,2.2
0.0,0.66
0.0,2.23
0.0,1.56
0.0,0.66
0.0,1.51
0.0,2.28
0.0,0.66
0.0,2.31
0.0,1.98
0.0,0.66
0.0,2.95
0.0,1.98
0.0,0.66
0.0,2.95
0.0,1.98
0.0,0.66
0.0,2.95
0.0,1.0
0.0,0.66
0.0,2.95
0.0,1.0
0.0,0.66
0.0,2.95
0.0,1.0
0.0,0.66
0.0,2.95
0.0,2.75
0.0,0.66
0.0,2.95
0.0,2.75
0.0,0.66
0.0,2.95
0.0,2.75
0.0,0.66
0.0,2.95
0.0,1.98
0.0,0.66
0.0,1.75
0.0,1.98
0.0,0.66
0.0,1.75
0.0,1.98
0.0,0.66
0.0,1.75
0.0,1.0
0.0,0.66
0.0,1.75
0.0,1.0
0.0,0.66
0.0,1.75
0.0,1.0
0.0,0.66
0.0,1.75
0.0,1.8
0.0,0.66
0.0,1.75
0.0,1.8
0.0,0.66
0.0,1.75
0.0,1.8
0.0,0.66
0.0,1.75
0.0,1.98
0.0,0.66
0.0,1.99
0.0,1.98
0.0,0.66
0.0,1.51
0.0,1.98
0.0,0.66
0.0,2.31
0.0,1.0
0.0,0.66
0.0,1.56
0.0,1.0
0.0,0.66
0.0,1.51
0.0,1.0
0.0,0.66
0.0,2.31
0.0,2.2
0.0,0.66
0.0,2.23
0.0,1.56
0.0,0.66
0.0,1.51
0.0,2.28
0.0,0.66
0.0,2.31
0.0,1.98
0.0,0.66
0.0,4.87
0.0,1.98
0.0,0.66
0.0,4.87
0.0,1.98
0.0,0.66
0.0,4.87
0.0,1.0
0.0,0.66
0.0,4.87
0.0,1.0
0.0,0.66
0.0,4.87
0.0,1.0
0.0,0.66
0.0,4.87
0.0,4.84
0.0,0.66
0.0,4.87
0.0,4.84
0.0,0.66
0.0,4.87
0.0,4.84
0.0,0.66
0.0,4.87
0.0,1.98
0.0,0.66
0.0,1.75
0.0,1.98
0.0,0.66
0.0,1.75
0.0,1.98
0.0,0.66
0.0,1.75
0.0,1.0
0.0,0.66
0.0,1.75
0.0,1.0
0.0,0.66
0.0,1.75
0.0,1.0
0.0,0.66
0.0,1.75
0.0,1.8
0.0,0.66
0.0,1.75
0.0,1.8
0.0,0.66
0.0,1.75
0.0,1.8
0.0,0.66
0.0,1.75
0.0,1.98
0.0,0.66
0.0,1.99
0.0,1.98
0.0,0.66
0.0,1.51
0.0,1.98
0.0,0.66
0.0,2.31
0.0,1.0
0.0,0.66
0.0,1.56
0.0,1.0
0.0,0.66
0.0,1.51
0.0,1.0
0.0,0.66
0.0,2.31
0.0,2.2
0.0,0.66
0.0,2.23
0.0,1.56
0.0,0.66
0.0,1.51
0.0,2.28
0.0,0.66
0.0,2.31
0.0,1.98
0.0,0.66
0.0,3.27
0.0,1.98
0.0,0.66
0.0,3.27
0.0,1.98
0.0,0.66
0.0,3.27
0.0,1.0
0.0,0.66
0.0,3.27
0.0,1.0
0.0,0.66
0.0,3.27
0.0,1.0
0.0,0.66
0.0,3.27
0.0,3.24
0.0,0.66
0.0,3.27
0.0,3.24
0.0,0.66
0.0,3.27
0.0,3.24
0.0,0.66
0.0,3.27
0.0,1.98
0.0,0.66
0.0,1.75
0.0,1.98
0.0,0.66
0.0,1.75
0.0,1.98
0.0,0.66
0.0,1.75
0.0,1.0
0.0,0.66
0.0,1.75
0.0,1.0
0.0,0.66
0.0,1.75
0.0,1.0
0.0,0.66
0.0,1.75
0.0,1.8
0.0,0.66
0.0,1.75
0.0,1.8
0.0,0.66
0.0,1.75
0.0,1.8
0.0,0.66
0.0,1.75
1.96,1.98
1.96,1.96
1.96,1.99
1.96,1.98
1.96,1.0
1.96,1.03
1.96,1.98
1.96,2.28
1.96,2.31
0.98,1.32
0.98,1.32
0.98,1.35
0.98,1.0
0.98,1.0
0.98,1.03
0.98,2.28
0.98,2.28
0.98,2.31
0.66,2.2
0.66,2.2
0.66,2.23
0.66,1.05
0.66,1.0
0.66,1.03
0.66,2.28
0.66,2.28
0.66,2.31
1.96,1.98
1.96,1.96
1.96,2.95
1.96,1.98
1.96,1.0
1.96,2.95
1.96,1.98
1.96,2.28
1.96,2.95
0.98,1.32
0.98,1.32
0.98,2.95
0.98,1.0
0.98,1.0
0.98,2.95
0.98,2.26
0.98,2.28
0.98,2.95
0.66,2.75
0.66,2.26
0.66,2.95
0.66,2.75
0.66,1.0
0.66,2.95
0.66,2.75
0.66,2.28
0.66,2.95
1.96,1.98
1.96,1.96
1.96,1.75
1.96,1.98
1.96,1.0
1.96,1.75
1.96,1.98
1.96,1.48
1.96,1.75
0.98,1.32
0.98,1.32
0.98,1.75
0.98,1.0
0.98,1.0
0.98,1.75
0.98,1.56
0.98,1.48
0.98,1.75
0.66,1.8
0.66,1.56
0.66,1.75
0.66,1.8
0.66,1.0
0.66,1.75
0.66,1.8
0.66,1.48
0.66,1.75
1.96,1.98
1.96,1.96
1.96,1.99
1.96,1.98
1.96,1.0
1.96,1.03
1.96,1.98
1.96,2.28
1.96,2.31
0.98,1.32
0.98,1.32
0.98,1.35
0.98,1.0
0.98,1.0
0.98,1.03
0.98,2.28
0.98,2.28
0.98,2.31
0.66,2.2
0.66,2.2
0.66,2.23
0.66,1.05
0.66,1.0
0.66,1.03
0.66,2.28
0.66,2.28
0.66,2.31
1.96,1.98
1.96,1.96
1.96,4.87
1.96,1.98
1.96,1.0
1.96,4.87
1.96,1.98
1.96,4.79
1.96,4.87
0.98,1.32
0.98,1.32
0.98,4.87
0.98,1.0
0.98,1.0
0.98,4.87
0.98,4.76
0.98,4.79
0.98,4.87
0.66,4.84
0.66,4.76
0.66,4.87
0.66,4.84
0.66,1.0
0.66,4.87
0.66,4.84
0.66,4.79
0.66,4.87
1.96,1.98
1.96,1.96
1.96,1.75
1.96,1.98
1.96,1.0
1.96,1.75
1.96,1.98
1.96,1.48
1.96,1.75
0.98,1.32
0.98,1.32
0.98,1.75
0.98,1.0
0.98,1.0
0.98,1.75
0.98,1.56
0.98,1.48
0.98,1.75
0.66,1.8
0.66,1.56
0.66,1.75
0.66,1.8
0.66,1.0
0.66,1.75
0.66,1.8
0.66,1.48
0.66,1.75
1.96,1.98
1.96,1.96
1.96,1.99
1.96,1.98
1.96,1.0
1.96,1.03
1.96,1.98
1.96,2.28
1.96,2.31
0.98,1.32
0.98,1.32
0.98,1.35
0.98,1.0
0.98,1.0
0.98,1.03
0.98,2.28
0.98,2.28
0.98,2.31
0.66,2.2
0.66,2.2
0.66,2.23
0.66,1.05
0.66,1.0
0.66,1.03
0.66,2.28
0.66,2.28
0.66,2.31
1.96,1.98
1.96,1.96
1.96,3.27
1.96,1.98
1.96,1.0
1.96,3.27
1.96,1.98
1.96,3.24
1.96,3.27
0.98,1.32
0.98,1.32
0.98,3.27
0.98,1.0
0.98,1.0
0.98,3.27
0.98,3.21
0.98,3.24
0.98,3.27
0.66,3.24
0.66,3.21
0.66,3.27
0.66,3.24
0.66,1.0
0.66,3.27
0.66,3.24
0.66,3.24
0.66,3.27
1.96,1.98
1.96,1.96
1.96,1.75
1.96,1.98
1.96,1.0
1.96,1.75
1.96,1.98
1.96,1.48
1.96,1.75
0.98,1.32
0.98,1.32
0.98,1.75
0.98,1.0
0.98,1.0
0.98,1.75
0.98,1.56
0.98,1.48
0.98,1.75
0.66,1.8
0.66,1.56
0.66,1.75
0.66,1.8
0.66,1.0
0.66,1.75
0.66,1.8
0.66,1.48
0.66,1.75
0.0,1.98
0.0,2.31
0.0,1.99
0.0,1.98
0.0,2.31
0.0,2.31
0.0,1.98
0.0,2.31
0.0,2.31
0.0,2.2
0.0,2.31
0.0,2.26
0.0,2.2
0.0,2.31
0.0,2.31
0.0,2.2
0.0,2.31
0.0,2.31
0.0,2.2
0.0,2.31
0.0,2.23
0.0,2.26
0.0,2.31
0.0,2.31
0.0,2.28
0.0,2.31
0.0,2.31
0.0,1.98
0.0,2.31
0.0,2.95
0.0,1.98
0.0,2.31
0.0,2.95
0.0,1.98
0.0,2.31
0.0,2.95
0.0,2.2
0.0,2.31
0.0,2.95
0.0,2.2
0.0,2.31
0.0,2.95
0.0,2.2
0.0,2.31
0.0,2.95
0.0,2.75
0.0,2.31
0.0,2.95
0.0,2.75
0.0,2.31
0.0,2.95
0.0,2.75
0.0,2.31
0.0,2.95
0.0,1.98
0.0,2.31
0.0,1.75
0.0,1.98
0.0,2.31
0.0,1.75
0.0,1.98
0.0,2.31
0.0,1.75
0.0,2.2
0.0,2.31
0.0,1.75
0.0,2.2
0.0,2.31
0.0,1.75
0.0,2.2
0.0,2.31
0.0,1.75
0.0,1.8
0.0,2.31
0.0,1.75
0.0,1.8
0.0,2.31
0.0,1.75
0.0,1.8
0.0,2.31
0.0,1.75
0.0,1.98
0.0,4.87
0.0,1.99
0.0,1.98
0.0,4.87
0.0,4.79
0.0,1.98
0.0,4.87
0.0,2.31
0.0,4.84
0.0,4.87
0.0,4.76
0.0,4.84
0.0,4.87
0.0,4.79
0.0,4.84
0.0,4.87
0.0,2.31
0.0,2.2
0.0,4.87
0.0,2.23
0.0,4.76
0.0,4.87
0.0,4.79
0.0,2.28
0.0,4.87
0.0,2.31
0.0,1.98
0.0,4.87
0.0,4.87
0.0,1.98
0.0,4.87
0.0,4.87
0.0,1.98
0.0,4.87
0.0,4.87
0.0,4.84
0.0,4.87
0.0,4.87
0.0,4.84
0.0,4.87
0.0,4.87
0.0,4.84
0.0,4.87
0.0,4.87
0.0,4.84
0.0,4.87
0.0,4.87
0.0,4.84
0.0,4.87
0.0,4.87
0.0,4.84
0.0,4.87
0.0,4.87
0.0,1.98
0.0,4.87
0.0,1.75
0.0,1.98
0.0,4.87
0.0,1.75
0.0,1.98
0.0,4.87
0.0,1.75
0.0,4.84
0.0,4.87
0.0,1.75
0.0,4.84
0.0,4.87
0.0,1.75
0.0,4.84
0.0,4.87
0.0,1.75
0.0,1.8
0.0,4.87
0.0,1.75
0.0,1.8
0.0,4.87
0.0,1.75
0.0,1.8
0.0,4.87
0.0,1.75
0.0,1.98
0.0,2.0
0.0,1.99
0.0,1.98
0.0,2.35
0.0,2.37
0.0,1.98
0.0,2.31
0.0,2.31
0.0,2.28
0.0,2.31
0.0,2.31
0.0,2.37
0.0,2.35
0.0,2.37
0.0,2.31
0.0,2.31
0.0,2.31
0.0,2.2
0.0,2.23
0.0,2.23
0.0,2.37
0.0,2.35
0.0,2.37
0.0,2.28
0.0,2.31
0.0,2.31
0.0,1.98
0.0,3.27
0.0,3.27
0.0,1.98
0.0,3.27
0.0,3.27
0.0,1.98
0.0,3.27
0.0,3.27
0.0,3.24
0.0,3.27
0.0,3.27
0.0,3.24
0.0,3.27
0.0,3.27
0.0,3.24
0.0,3.27
0.0,3.27
0.0,3.24
0.0,3.27
0.0,3.27
0.0,3.24
0.0,3.27
0.0,3.27
0.0,3.24
0.0,3.27
0.0,3.27
0.0,1.98
0.0,1.99
0.0,1.75
0.0,1.98
0.0,1.99
0.0,1.75
0.0,1.98
0.0,1.99
0.0,1.75
0.0,1.98
0.0,1.99
0.0,1.75
0.0,1.98
0.0,1.99
0.0,1.75
0.0,1.98
0.0,1.99
0.0,1.75
0.0,1.8
0.0,1.99
0.0,1.75
0.0,1.8
0.0,1.99
0.0,1.75
0.0,1.8
0.0,1.99
0.0,1.75
0.0,1.98
0.0,0.66
0.0,1.99
0.0,1.98
0.0,0.66
0.0,1.51
0.0,1.98
0.0,0.66
0.0,2.31
0.0,1.0
0.0,0.66
0.0,1.56
0.0,1.0
0.0,0.66
0.0,1.51
0.0,1.0
0.0,0.66
0.0,2.31
0.0,2.2
0.0,0.66
0.0,2.23
0.0,1.56
0.0,0.66
0.0,1.51
0.0,2.28
0.0,0.66
0.0,2.31
0.0,1.98
0.0,0.66
0.0,2.95
0.0,1.98
0.0,0.66
0.0,2.95
0.0,1.98
0.0,0.66
0.0,2.95
0.0,1.0
0.0,0.66
0.0,2.95
0.0,1.0
0.0,0.66
0.0,2.95
0.0,1.0
0.0,0.66
0.0,2.95
0.0,2.75
0.0,0.66
0.0,2.95
0.0,2.75
0.0,0.66
0.0,2.95
0.0,2.75
0.0,0.66
0.0,2.95
0.0,1.98
0.0,0.66
0.0,1.75
0.0,1.98
0.0,0.66
0.0,1.75
0.0,1.98
0.0,0.66
0.0,1.75
0.0,1.0
0.0,0.66
0.0,1.75
0.0,1.0
0.0,0.66
0.0,1.75
0.0,1.0
0.0,0.66
0.0,1.75
0.0,1.8
0.0,0.66
0.0,1.75
0.0,1.8
0.0,0.66
0.0,1.75
0.0,1.8
0.0,0.66
0.0,1.75
0.0,1.98
0.0,0.66
0.0,1.99
0.0,1.98
0.0,0.66
0.0,1.51
0.0,1.98
0.0,0.66
0.0,2.31
0.0,1.0
0.0,0.66
0.0,1.56
0.0,1.0
0.0,0.66
0.0,1.51
0.0,1.0
0.0,0.66
0.0,2.31
0.0,2.2
0.0,0.66
0.0,2.23
0.0,1.56
0.0,0.66
0.0,1.51
0.0,2.28
0.0,0.66
0.0,2.31
0.0,1.98
0.0,0.66
0.0,4.87
0.0,1.98
0.0,0.66
0.0,4.87
0.0,1.98
0.0,0.66
0.0,4.87
0.0,1.0
0.0,0.66
0.0,4.87
0.0,1.0
0.0,0.66
0.0,4.87
0.0,1.0
0.0,0.66
0.0,4.87
0.0,4.84
0.0,0.66
0.0,4.87
0.0,4.84
0.0,0.66
0.0,4.87
0.0,4.84
0.0,0.66
0.0,4.87
0.0,1.98
0.0,0.66
0.0,1.75
0.0,1.98
0.0,0.66
0.0,1.75
0.0,1.98
0.0,0.66
0.0,1.75
0.0,1.0
0.0,0.66
0.0,1.75
0.0,1.0
0.0,0.66
0.0,1.75
0.0,1.0
0.0,0.66
0.0,1.75
0.0,1.8
0.0,0.66
0.0,1.75
0.0,1.8
0.0,0.66
0.0,1.75
0.0,1.8
0.0,0.66
0.0,1.75
0.0,1.98
0.0,0.66
0.0,1.99
0.0,1.98
0.0,0.66
0.0,1.51
0.0,1.98
0.0,0.66
0.0,2.31
0.0,1.0
0.0,0.66
0.0,1.56
0.0,1.0
0.0,0.66
0.0,1.51
0.0,1.0
0.0,0.66
0.0,2.31
0.0,2.2
0.0,0.66
0.0,2.23
0.0,1.56
0.0,0.66
0.0,1.51
0.0,2.28
0.0,0.66
0.0,2.31
0.0,1.98
0.0,0.66
0.0,3.27
0.0,1.98
0.0,0.66
0.0,3.27
0.0,1.98
0.0,0.66
0.0,3.27
0.0,1.0
0.0,0.66
0.0,3.27
0.0,1.0
0.0,0.66
0.0,3.27
0.0,1.0
0.0,0.66
0.0,3.27
0.0,3.24
0.0,0.66
0.0,3.27
0.0,3.24
0.0,0.66
0.0,3.27
0.0,3.24
0.0,0.66
0.0,3.27
0.0,1.98
0.0,0.66
0.0,1.75
0.0,1.98
0.0,0.66
0.0,1.75
0.0,1.98
0.0,0.66
0.0,1.75
0.0,1.0
0.0,0.66
0.0,1.75
0.0,1.0
0.0,0.66
0.0,1.75
0.0,1.0
0.0,0.66
0.0,1.75
0.0,1.8
0.0,0.66
0.0,1.75
0.0,1.8
0.0,0.66
0.0,1.75
0.0,1.8
0.0,0.66
0.0,1.75
1.96,2.01
1.96,2.01
1.96,2.01
1.96,1.03
1.96,1.03
1.96,1.03
1.96,2.31
1.96,2.31
1.96,2.31
0.98,1.37
0.98,1.37
0.98,1.37
0.98,1.03
0.98,1.03
0.98,1.03
0.98,2.31
0.98,2.31
0.98,2.31
0.66,2.25
0.66,2.25
0.66,2.25
0.66,1.03
0.66,1.03
0.66,1.03
0.66,2.31
0.66,2.31
0.66,2.31
1.96,2.04
1.96,2.02
1.96,3.0
1.96,2.04
1.96,1.08
1.96,3.0
1.96,2.04
1.96,2.36
1.96,3.0
0.98,1.4
0.98,1.4
0.98,3.0
0.98,1.08
0.98,1.08
0.98,3.0
0.98,2.29
0.98,2.36
0.98,3.0
0.66,2.8
0.66,2.29
0.66,3.0
0.66,2.8
0.66,1.08
0.66,3.0
0.66,2.8
0.66,2.36
0.66,3.0
1.96,2.5
1.96,2.5
1.96,2.5
1.96,2.5
1.96,2.5
1.96,2.5
1.96,2.5
1.96,2.5
1.96,2.5
0.98,2.5
0.98,2.5
0.98,2.5
0.98,2.5
0.98,2.5
0.98,2.5
0.98,2.5
0.98,2.5
0.98,2.5
0.66,2.5
0.66,2.5
0.66,2.5
0.66,2.5
0.66,2.5
0.66,2.5
0.66,2.5
0.66,2.5
0.66,2.5
1.96,2.01
1.96,2.01
1.96,2.01
1.96,1.03
1.96,1.03
1.96,1.03
1.96,2.31
1.96,2.31
1.96,2.31
0.98,1.37
0.98,1.37
0.98,1.37
0.98,1.03
0.98,1.03
0.98,1.03
0.98,2.31
0.98,2.31
0.98,2.31
0.66,2.25
0.66,2.25
0.66,2.25
0.66,1.03
0.66,1.03
0.66,1.03
0.66,2.31
0.66,2.31
0.66,2.31
1.96,4.95
1.96,4.95
1.96,4.95
1.96,4.95
1.96,4.95
1.96,4.95
1.96,4.95
1.96,4.95
1.96,4.95
0.98,4.95
0.98,4.95
0.98,4.95
0.98,4.95
0.98,4.95
0.98,4.95
0.98,4.95
0.98,4.95
0.98,4.95
0.66,4.95
0.66,4.95
0.66,4.95
0.66,4.95
0.66,4.95
0.66,4.95
0.66,4.95
0.66,4.95
0.66,4.95
1.96,2.5
1.96,2.5
1.96,2.5
1.96,2.5
1.96,2.5
1.96,2.5
1.96,2.5
1.96,2.5
1.96,2.5
0.98,2.5
0.98,2.5
0.98,2.5
0.98,2.5
0.98,2.5
0.98,2.5
0.98,2.5
0.98,2.5
0.98,2.5
0.66,2.5
0.66,2.5
0.66,2.5
0.66,2.5
0.66,2.5
0.66,2.5
0.66,2.5
0.66,2.5
0.66,2.5
1.96,2.01
1.96,2.01
1.96,2.01
1.96,1.03
1.96,1.03
1.96,1.03
1.96,2.31
1.96,2.31
1.96,2.31
0.98,1.37
0.98,1.37
0.98,1.37
0.98,1.03
0.98,1.03
0.98,1.03
0.98,2.31
0.98,2.31
0.98,2.31
0.66,2.25
0.66,2.25
0.66,2.25
0.66,1.03
0.66,1.03
0.66,1.03
0.66,2.31
0.66,2.31
0.66,2.31
1.96,3.3
1.96,3.3
1.96,3.3
1.96,3.3
1.96,3.3
1.96,3.3
1.96,3.3
1.96,3.3
1.96,3.3
0.98,3.3
0.98,3.3
0.98,3.3
0.98,3.3
0.98,3.3
0.98,3.3
0.98,3.3
0.98,3.3
0.98,3.3
0.66,3.3
0.66,3.3
0.66,3.3
0.66,3.3
0.66,3.3
0.66,3.3
0.66,3.3
0.66,3.3
0.66,3.3
1.96,2.5
1.96,2.5
1.96,2.5
1.96,2.5
1.96,2.5
1.96,2.5
1.96,2.5
1.96,2.5
1.96,2.5
0.98,2.5
0.98,2.5
0.98,2.5
0.98,2.5
0.98,2.5
0.98,2.5
0.98,2.5
0.98,2.5
0.98,2.5
0.66,2.5
0.66,2.5
0.66,2.5
0.66,2.5
0.66,2.5
0.66,2.5
0.66,2.5
0.66,2.5
0.66,2.5
0.0,2.01
0.0,2.01
0.0,2.01
0.0,2.02
0.0,2.31
0.0,2.31
0.0,2.31
0.0,2.31
0.0,2.31
0.0,2.25
0.0,2.33
0.0,2.29
0.0,2.23
0.0,2.31
0.0,2.31
0.0,2.31
0.0,2.31
0.0,2.31
0.0,2.25
0.0,2.25
0.0,2.25
0.0,2.29
0.0,2.31
0.0,2.31
0.0,2.31
0.0,2.31
0.0,2.31
0.0,2.04
0.0,2.36
0.0,3.0
0.0,2.04
0.0,2.36
0.0,3.0
0.0,2.04
0.0,2.36
0.0,3.0
0.0,2.28
0.0,2.36
0.0,3.0
0.0,2.28
0.0,2.36
0.0,3.0
0.0,2.28
0.0,2.36
0.0,3.0
0.0,2.8
0.0,2.36
0.0,3.0
0.0,2.8
0.0,2.36
0.0,3.0
0.0,2.8
0.0,2.36
0.0,3.0
0.0,2.5
0.0,2.5
0.0,2.5
0.0,2.5
0.0,2.5
0.0,2.5
0.0,2.5
0.0,2.5
0.0,2.5
0.0,2.5
0.0,2.5
0.0,2.5
0.0,2.5
0.0,2.5
0.0,2.5
0.0,2.5
0.0,2.5
0.0,2.5
0.0,2.5
0.0,2.5
0.0,2.5
0.0,2.5
0.0,2.5
0.0,2.5
0.0,2.5
0.0,2.5
0.0,2.5
0.0,2.01
0.0,2.01
0.0,2.01
0.0,4.87
0.0,4.87
0.0,4.87
0.0,2.31
0.0,2.31
0.0,2.31
0.0,4.84
0.0,4.84
0.0,4.84
0.0,4.87
0.0,4.87
0.0,4.87
0.0,2.31
0.0,2.31
0.0,2.31
0.0,2.25
0.0,2.25
0.0,2.25
0.0,4.87
0.0,4.87
0.0,4.87
0.0,2.31
0.0,2.31
0.0,2.31
0.0,4.95
0.0,4.95
0.0,4.95
0.0,4.95
0.0,4.95
0.0,4.95
0.0,4.95
0.0,4.95
0.0,4.95
0.0,4.95
0.0,4.95
0.0,4.95
0.0,4.95
0.0,4.95
0.0,4.95
0.0,4.95
0.0,4.95
0.0,4.95
0.0,4.95
0.0,4.95
0.0,4.95
0.0,4.95
0.0,4.95
0.0,4.95
0.0,4.95
0.0,4.95
0.0,4.95
0.0,2.5
0.0,2.5
0.0,2.5
0.0,2.5
0.0,2.5
0.0,2.5
0.0,2.5
0.0,2.5
0.0,2.5
0.0,2.5
0.0,2.5
0.0,2.5
0.0,2.5
0.0,2.5
0.0,2.5
0.0,2.5
0.0,2.5
0.0,2.5
0.0,2.5
0.0,2.5
0.0,2.5
0.0,2.5
0.0,2.5
0.0,2.5
0.0,2.5
0.0,2.5
0.0,2.5
0.0,2.01
0.0,2.01
0.0,2.01
0.0,2.4
0.0,2.4
0.0,2.4
0.0,2.31
0.0,2.31
0.0,2.31
0.0,2.33
0.0,2.33
0.0,2.33
0.0,2.4
0.0,2.4
0.0,2.4
0.0,2.31
0.0,2.31
0.0,2.31
0.0,2.25
0.0,2.25
0.0,2.25
0.0,2.4
0.0,2.4
0.0,2.4
0.0,2.31
0.0,2.31
0.0,2.31
0.0,3.3
0.0,3.3
0.0,3.3
0.0,3.3
0.0,3.3
0.0,3.3
0.0,3.3
0.0,3.3
0.0,3.3
0.0,3.3
0.0,3.3
0.0,3.3
0.0,3.3
0.0,3.3
0.0,3.3
0.0,3.3
0.0,3.3
0.0,3.3
0.0,3.3
0.0,3.3
0.0,3.3
0.0,3.3
0.0,3.3
0.0,3.3
0.0,3.3
0.0,3.3
0.0,3.3
0.0,2.5
0.0,2.5
0.0,2.5
0.0,2.5
0.0,2.5
0.0,2.5
0.0,2.5
0.0,2.5
0.0,2.5
0.0,2.5
0.0,2.5
0.0,2.5
0.0,2.5
0.0,2.5
0.0,2.5
0.0,2.5
0.0,2.5
0.0,2.5
0.0,2.5
0.0,2.5
0.0,2.5
0.0,2.5
0.0,2.5
0.0,2.5
0.0,2.5
0.0,2.5
0.0,2.5
0.0,2.01
0.0,2.01
0.0,2.01
0.0,1.75
0.0,1.75
0.0,1.75
0.0,2.31
0.0,2.31
0.0,2.31
0.0,1.8
0.0,1.8
0.0,1.8
0.0,1.75
0.0,1.75
0.0,1.75
0.0,2.31
0.0,2.31
0.0,2.31
0.0,2.25
0.0,2.25
0.0,2.25
0.0,1.75
0.0,1.75
0.0,1.75
0.0,2.31
0.0,2.31
0.0,2.31
0.0,2.04
0.0,2.4
0.0,3.0
0.0,2.04
0.0,2.4
0.0,3.0
0.0,2.04
0.0,2.4
0.0,3.0
0.0,2.36
0.0,2.4
0.0,3.0
0.0,2.36
0.0,2.4
0.0,3.0
0.0,2.36
0.0,2.4
0.0,3.0
0.0,2.8
0.0,2.4
0.0,3.0
0.0,2.8
0.0,2.4
0.0,3.0
0.0,2.8
0.0,2.4
0.0,3.0
0.0,2.5
0.0,2.5
0.0,2.5
0.0,2.5
0.0,2.5
0.0,2.5
0.0,2.5
0.0,2.5
0.0,2.5
0.0,2.5
0.0,2.5
0.0,2.5
0.0,2.5
0.0,2.5
0.0,2.5
0.0,2.5
0.0,2.5
0.0,2.5
0.0,2.5
0.0,2.5
0.0,2.5
0.0,2.5
0.0,2.5
0.0,2.5
0.0,2.5
0.0,2.5
0.0,2.5
0.0,2.01
0.0,2.01
0.0,2.01
0.0,1.75
0.0,1.75
0.0,1.75
0.0,2.31
0.0,2.31
0.0,2.31
0.0,1.8
0.0,1.8
0.0,1.8
0.0,1.75
0.0,1.75
0.0,1.75
0.0,2.31
0.0,2.31
0.0,2.31
0.0,2.25
0.0,2.25
0.0,2.25
0.0,1.75
0.0,1.75
0.0,1.75
0.0,2.31
0.0,2.31
0.0,2.31
0.0,4.95
0.0,4.95
0.0,4.95
0.0,4.95
0.0,4.95
0.0,4.95
0.0,4.95
0.0,4.95
0.0,4.95
0.0,4.95
0.0,4.95
0.0,4.95
0.0,4.95
0.0,4.95
0.0,4.95
0.0,4.95
0.0,4.95
0.0,4.95
0.0,4.95
0.0,4.95
0.0,4.95
0.0,4.95
0.0,4.95
0.0,4.95
0.0,4.95
0.0,4.95
0.0,4.95
0.0,2.5
0.0,2.5
0.0,2.5
0.0,2.5
0.0,2.5
0.0,2.5
0.0,2.5
0.0,2.5
0.0,2.5
0.0,2.5
0.0,2.5
0.0,2.5
0.0,2.5
0.0,2.5
0.0,2.5
0.0,2.5
0.0,2.5
0.0,2.5
0.0,2.5
0.0,2.5
0.0,2.5
0.0,2.5
0.0,2.5
0.0,2.5
0.0,2.5
0.0,2.5
0.0,2.5
0.0,2.01
0.0,2.01
0.0,2.01
0.0,1.75
0.0,1.75
0.0,1.75
0.0,2.31
0.0,2.31
0.0,2.31
0.0,1.8
0.0,1.8
0.0,1.8
0.0,1.75
0.0,1.75
0.0,1.75
0.0,2.31
0.0,2.31
0.0,2.31
0.0,2.25
0.0,2.25
0.0,2.25
0.0,1.75
0.0,1.75
0.0,1.75
0.0,2.31
0.0,2.31
0.0,2.31
0.0,3.3
0.0,3.3
0.0,3.3
0.0,3.3
0.0,3.3
0.0,3.3
0.0,3.3
0.0,3.3
0.0,3.3
0.0,3.3
0.0,3.3
0.0,3.3
0.0,3.3
0.0,3.3
0.0,3.3
0.0,3.3
0.0,3.3
0.0,3.3
0.0,3.3
0.0,3.3
0.0,3.3
0.0,3.3
0.0,3.3
0.0,3.3
0.0,3.3
0.0,3.3
0.0,3.3
0.0,2.5
0.0,2.5
0.0,2.5
0.0,2.5
0.0,2.5
0.0,2.5
0.0,2.5
0.0,2.5
0.0,2.5
0.0,2.5
0.0,2.5
0.0,2.5
0.0,2.5
0.0,2.5
0.0,2.5
0.0,2.5
0.0,2.5
0.0,2.5
0.0,2.5
0.0,2.5
0.0,2.5
0.0,2.5
0.0,2.5
0.0,2.5
0.0,2.5
0.0,2.5
0.0,2.5
1.96,2.01
1.96,2.01
1.96,2.01
1.96,1.03
1.96,1.03
1.96,1.03
1.96,2.31
1.96,2.31
1.96,2.31
0.98,1.37
0.98,1.37
0.98,1.37
0.98,1.03
0.98,1.03
0.98,1.03
0.98,2.31
0.98,2.31
0.98,2.31
0.66,2.25
0.66,2.25
0.66,2.25
0.66,1.03
0.66,1.03
0.66,1.03
0.66,2.31
0.66,2.31
0.66,2.31
1.96,2.04
1.96,2.02
1.96,3.0
1.96,2.04
1.96,1.08
1.96,3.0
1.96,2.04
1.96,2.36
1.96,3.0
0.98,1.4
0.98,1.4
0.98,3.0
0.98,1.08
0.98,1.08
0.98,3.0
0.98,2.29
0.98,2.36
0.98,3.0
0.66,2.8
0.66,2.29
0.66,3.0
0.66,2.8
0.66,1.08
0.66,3.0
0.66,2.8
0.66,2.36
0.66,3.0
1.96,2.5
1.96,2.5
1.96,2.5
1.96,2.5
1.96,2.5
1.96,2.5
1.96,2.5
1.96,2.5
1.96,2.5
0.98,2.5
0.98,2.5
0.98,2.5
0.98,2.5
0.98,2.5
0.98,2.5
0.98,2.5
0.98,2.5
0.98,2.5
0.66,2.5
0.66,2.5
0.66,2.5
0.66,2.5
0.66,2.5
0.66,2.5
0.66,2.5
0.66,2.5
0.66,2.5
1.96,2.01
1.96,2.01
1.96,2.01
1.96,1.03
1.96,1.03
1.96,1.03
1.96,2.31
1.96,2.31
1.96,2.31
0.98,1.37
0.98,1.37
0.98,1.37
0.98,1.03
0.98,1.03
0.98,1.03
0.98,2.31
0.98,2.31
0.98,2.31
0.66,2.25
0.66,2.25
0.66,2.25
0.66,1.03
0.66,1.03
0.66,1.03
0.66,2.31
0.66,2.31
0.66,2.31
1.96,4.95
1.96,4.95
1.96,4.95
1.96,4.95
1.96,4.95
1.96,4.95
1.96,4.95
1.96,4.95
1.96,4.95
0.98,4.95
0.98,4.95
0.98,4.95
0.98,4.95
0.98,4.95
0.98,4.95
0.98,4.95
0.98,4.95
0.98,4.95
0.66,4.95
0.66,4.95
0.66,4.95
0.66,4.95
0.66,4.95
0.66,4.95
0.66,4.95
0.66,4.95
0.66,4.95
1.96,2.5
1.96,2.5
1.96,2.5
1.96,2.5
1.96,2.5
1.96,2.5
1.96,2.5
1.96,2.5
1.96,2.5
0.98,2.5
0.98,2.5
0.98,2.5
0.98,2.5
0.98,2.5
0.98,2.5
0.98,2.5
0.98,2.5
0.98,2.5
0.66,2.5
0.66,2.5
0.66,2.5
0.66,2.5
0.66,2.5
0.66,2.5
0.66,2.5
0.66,2.5
0.66,2.5
1.96,2.01
1.96,2.01
1.96,2.01
1.96,1.03
1.96,1.03
1.96,1.03
1.96,2.31
1.96,2.31
1.96,2.31
0.98,1.37
0.98,1.37
0.98,1.37
0.98,1.03
0.98,1.03
0.98,1.03
0.98,2.31
0.98,2.31
0.98,2.31
0.66,2.25
0.66,2.25
0.66,2.25
0.66,1.03
0.66,1.03
0.66,1.03
0.66,2.31
0.66,2.31
0.66,2.31
1.96,3.3
1.96,3.3
1.96,3.3
1.96,3.3
1.96,3.3
1.96,3.3
1.96,3.3
1.96,3.3
1.96,3.3
0.98,3.3
0.98,3.3
0.98,3.3
0.98,3.3
0.98,3.3
0.98,3.3
0.98,3.3
0.98,3.3
0.98,3.3
0.66,3.3
0.66,3.3
0.66,3.3
0.66,3.3
0.66,3.3
0.66,3.3
0.66,3.3
0.66,3.3
0.66,3.3
1.96,2.5
1.96,2.5
1.96,2.5
1.96,2.5
1.96,2.5
1.96,2.5
1.96,2.5
1.96,2.5
1.96,2.5
0.98,2.5
0.98,2.5
0.98,2.5
0.98,2.5
0.98,2.5
0.98,2.5
0.98,2.5
0.98,2.5
0.98,2.5
0.66,2.5
0.66,2.5
0.66,2.5
0.66,2.5
0.66,2.5
0.66,2.5
0.66,2.5
0.66,2.5
0.66,2.5
0.0,2.01
0.0,2.01
0.0,2.01
0.0,2.02
0.0,2.31
0.0,2.31
0.0,2.31
0.0,2.31
0.0,2.31
0.0,2.25
0.0,2.33
0.0,2.29
0.0,2.23
0.0,2.31
0.0,2.31
0.0,2.31
0.0,2.31
0.0,2.31
0.0,2.25
0.0,2.25
0.0,2.25
0.0,2.29
0.0,2.31
0.0,2.31
0.0,2.31
0.0,2.31
0.0,2.31
0.0,2.04
0.0,2.36
0.0,3.0
0.0,2.04
0.0,2.36
0.0,3.0
0.0,2.04
0.0,2.36
0.0,3.0
0.0,2.28
0.0,2.36
0.0,3.0
0.0,2.28
0.0,2.36
0.0,3.0
0.0,2.28
0.0,2.36
0.0,3.0
0.0,2.8
0.0,2.36
0.0,3.0
0.0,2.8
0.0,2.36
0.0,3.0
0.0,2.8
0.0,2.36
0.0,3.0
0.0,2.5
0.0,2.5
0.0,2.5
0.0,2.5
0.0,2.5
0.0,2.5
0.0,2.5
0.0,2.5
0.0,2.5
0.0,2.5
0.0,2.5
0.0,2.5
0.0,2.5
0.0,2.5
0.0,2.5
0.0,2.5
0.0,2.5
0.0,2.5
0.0,2.5
0.0,2.5
0.0,2.5
0.0,2.5
0.0,2.5
0.0,2.5
0.0,2.5
0.0,2.5
0.0,2.5
0.0,2.01
0.0,2.01
0.0,2.01
0.0,4.87
0.0,4.87
0.0,4.87
0.0,2.31
0.0,2.31
0.0,2.31
0.0,4.84
0.0,4.84
0.0,4.84
0.0,4.87
0.0,4.87
0.0,4.87
0.0,2.31
0.0,2.31
0.0,2.31
0.0,2.25
0.0,2.25
0.0,2.25
0.0,4.87
0.0,4.87
0.0,4.87
0.0,2.31
0.0,2.31
0.0,2.31
0.0,4.95
0.0,4.95
0.0,4.95
0.0,4.95
0.0,4.95
0.0,4.95
0.0,4.95
0.0,4.95
0.0,4.95
0.0,4.95
0.0,4.95
0.0,4.95
0.0,4.95
0.0,4.95
0.0,4.95
0.0,4.95
0.0,4.95
0.0,4.95
0.0,4.95
0.0,4.95
0.0,4.95
0.0,4.95
0.0,4.95
0.0,4.95
0.0,4.95
0.0,4.95
0.0,4.95
0.0,2.5
0.0,2.5
0.0,2.5
0.0,2.5
0.0,2.5
0.0,2.5
0.0,2.5
0.0,2.5
0.0,2.5
0.0,2.5
0.0,2.5
0.0,2.5
0.0,2.5
0.0,2.5
0.0,2.5
0.0,2.5
0.0,2.5
0.0,2.5
0.0,2.5
0.0,2.5
0.0,2.5
0.0,2.5
0.0,2.5
0.0,2.5
0.0,2.5
0.0,2.5
0.0,2.5
0.0,2.01
0.0,2.01
0.0,2.01
0.0,2.4
0.0,2.4
0.0,2.4
0.0,2.31
0.0,2.31
0.0,2.31
0.0,2.33
0.0,2.33
0.0,2.33
0.0,2.4
0.0,2.4
0.0,2.4
0.0,2.31
0.0,2.31
0.0,2.31
0.0,2.25
0.0,2.25
0.0,2.25
0.0,2.4
0.0,2.4
0.0,2.4
0.0,2.31
0.0,2.31
0.0,2.31
0.0,3.3
0.0,3.3
0.0,3.3
0.0,3.3
0.0,3.3
0.0,3.3
0.0,3.3
0.0,3.3
0.0,3.3
0.0,3.3
0.0,3.3
0.0,3.3
0.0,3.3
0.0,3.3
0.0,3.3
0.0,3.3
0.0,3.3
0.0,3.3
0.0,3.3
0.0,3.3
0.0,3.3
0.0,3.3
0.0,3.3
0.0,3.3
0.0,3.3
0.0,3.3
0.0,3.3
0.0,2.5
0.0,2.5
0.0,2.5
0.0,2.5
0.0,2.5
0.0,2.5
0.0,2.5
0.0,2.5
0.0,2.5
0.0,2.5
0.0,2.5
0.0,2.5
0.0,2.5
0.0,2.5
0.0,2.5
0.0,2.5
0.0,2.5
0.0,2.5
0.0,2.5
0.0,2.5
0.0,2.5
0.0,2.5
0.0,2.5
0.0,2.5
0.0,2.5
0.0,2.5
0.0,2.5
0.0,2.01
0.0,2.01
0.0,2.01
0.0,1.75
0.0,1.75
0.0,1.75
0.0,2.31
0.0,2.31
0.0,2.31
0.0,1.8
0.0,1.8
0.0,1.8
0.0,1.75
0.0,1.75
0.0,1.75
0.0,2.31
0.0,2.31
0.0,2.31
0.0,2.25
0.0,2.25
0.0,2.25
0.0,1.75
0.0,1.75
0.0,1.75
0.0,2.31
0.0,2.31
0.0,2.31
0.0,2.04
0.0,2.4
0.0,3.0
0.0,2.04
0.0,2.4
0.0,3.0
0.0,2.04
0.0,2.4
0.0,3.0
0.0,2.36
0.0,2.4
0.0,3.0
0.0,2.36
0.0,2.4
0.0,3.0
0.0,2.36
0.0,2.4
0.0,3.0
0.0,2.8
0.0,2.4
0.0,3.0
0.0,2.8
0.0,2.4
0.0,3.0
0.0,2.8
0.0,2.4
0.0,3.0
0.0,2.5
0.0,2.5
0.0,2.5
0.0,2.5
0.0,2.5
0.0,2.5
0.0,2.5
0.0,2.5
0.0,2.5
0.0,2.5
0.0,2.5
0.0,2.5
0.0,2.5
0.0,2.5
0.0,2.5
0.0,2.5
0.0,2.5
0.0,2.5
0.0,2.5
0.0,2.5
0.0,2.5
0.0,2.5
0.0,2.5
0.0,2.5
0.0,2.5
0.0,2.5
0.0,2.5
0.0,2.01
0.0,2.01
0.0,2.01
0.0,1.75
0.0,1.75
0.0,1.75
0.0,2.31
0.0,2.31
0.0,2.31
0.0,1.8
0.0,1.8
0.0,1.8
0.0,1.75
0.0,1.75
0.0,1.75
0.0,2.31
0.0,2.31
0.0,2.31
0.0,2.25
0.0,2.25
0.0,2.25
0.0,1.75
0.0,1.75
0.0,1.75
0.0,2.31
0.0,2.31
0.0,2.31
0.0,4.95
0.0,4.95
0.0,4.95
0.0,4.95
0.0,4.95
0.0,4.95
0.0,4.95
0.0,4.95
0.0,4.95
0.0,4.95
0.0,4.95
0.0,4.95
0.0,4.95
0.0,4.95
0.0,4.95
0.0,4.95
0.0,4.95
0.0,4.95
0.0,4.95
0.0,4.95
0.0,4.95
0.0,4.95
0.0,4.95
0.0,4.95
0.0,4.95
0.0,4.95
0.0,4.95
0.0,2.5
0.0,2.5
0.0,2.5
0.0,2.5
0.0,2.5
0.0,2.5
0.0,2.5
0.0,2.5
0.0,2.5
0.0,2.5
0.0,2.5
0.0,2.5
0.0,2.5
0.0,2.5
0.0,2.5
0.0,2.5
0.0,2.5
0.0,2.5
0.0,2.5
0.0,2.5
0.0,2.5
0.0,2.5
0.0,2.5
0.0,2.5
0.0,2.5
0.0,2.5
0.0,2.5
0.0,2.01
0.0,2.01
0.0,2.01
0.0,1.75
0.0,1.75
0.0,1.75
0.0,2.31
0.0,2.31
0.0,2.31
0.0,1.8
0.0,1.8
0.0,1.8
0.0,1.75
0.0,1.75
0.0,1.75
0.0,2.31
0.0,2.31
0.0,2.31
0.0,2.25
0.0,2.25
0.0,2.25
0.0,1.75
0.0,1.75
0.0,1.75
0.0,2.31
0.0,2.31
0.0,2.31
0.0,3.3
0.0,3.3
0.0,3.3
0.0,3.3
0.0,3.3
0.0,3.3
0.0,3.3
0.0,3.3
0.0,3.3
0.0,3.3
0.0,3.3
0.0,3.3
0.0,3.3
0.0,3.3
0.0,3.3
0.0,3.3
0.0,3.3
0.0,3.3
0.0,3.3
0.0,3.3
0.0,3.3
0.0,3.3
0.0,3.3
0.0,3.3
0.0,3.3
0.0,3.3
0.0,3.3
0.0,2.5
0.0,2.5
0.0,2.5
0.0,2.5
0.0,2.5
0.0,2.5
0.0,2.5
0.0,2.5
0.0,2.5
0.0,2.5
0.0,2.5
0.0,2.5
0.0,2.5
0.0,2.5
0.0,2.5
0.0,2.5
0.0,2.5
0.0,2.5
0.0,2.5
0.0,2.5
0.0,2.5
0.0,2.5
0.0,2.5
0.0,2.5
0.0,2.5
0.0,2.5
0.0,2.5
1.96,2.01
1.96,2.01
1.96,2.01
1.96,1.03
1.96,1.03
1.96,1.03
1.96,2.31
1.96,2.31
1.96,2.31
0.98,1.37
0.98,1.37
0.98,1.37
0.98,1.03
0.98,1.03
0.98,1.03
0.98,2.31
0.98,2.31
0.98,2.31
0.66,2.25
0.66,2.25
0.66,2.25
0.66,1.03
0.66,1.03
0.66,1.03
0.66,2.31
0.66,2.31
0.66,2.31
1.96,2.04
1.96,2.02
1.96,3.0
1.96,2.04
1.96,1.08
1.96,3.0
1.96,2.04
1.96,2.36
1.96,3.0
0.98,1.4
0.98,1.4
0.98,3.0
0.98,1.08
0.98,1.08
0.98,3.0
0.98,2.29
0.98,2.36
0.98,3.0
0.66,2.8
0.66,2.29
0.66,3.0
0.66,2.8
0.66,1.08
0.66,3.0
0.66,2.8
0.66,2.36
0.66,3.0
1.96,2.5
1.96,2.5
1.96,2.5
1.96,2.5
1.96,2.5
1.96,2.5
1.96,2.5
1.96,2.5
1.96,2.5
0.98,2.5
0.98,2.5
0.98,2.5
0.98,2.5
0.98,2.5
0.98,2.5
0.98,2.5
0.98,2.5
0.98,2.5
0.66,2.5
0.66,2.5
0.66,2.5
0.66,2.5
0.66,2.5
0.66,2.5
0.66,2.5
0.66,2.5
0.66,2.5
1.96,2.01
1.96,2.01
1.96,2.01
1.96,1.03
1.96,1.03
1.96,1.03
1.96,2.31
1.96,2.31
1.96,2.31
0.98,1.37
0.98,1.37
0.98,1.37
0.98,1.03
0.98,1.03
0.98,1.03
0.98,2.31
0.98,2.31
0.98,2.31
0.66,2.25
0.66,2.25
0.66,2.25
0.66,1.03
0.66,1.03
0.66,1.03
0.66,2.31
0.66,2.31
0.66,2.31
1.96,4.95
1.96,4.95
1.96,4.95
1.96,4.95
1.96,4.95
1.96,4.95
1.96,4.95
1.96,4.95
1.96,4.95
0.98,4.95
0.98,4.95
0.98,4.95
0.98,4.95
0.98,4.95
0.98,4.95
0.98,4.95
0.98,4.95
0.98,4.95
0.66,4.95
0.66,4.95
0.66,4.95
0.66,4.95
0.66,4.95
0.66,4.95
0.66,4.95
0.66,4.95
0.66,4.95
1.96,2.5
1.96,2.5
1.96,2.5
1.96,2.5
1.96,2.5
1.96,2.5
1.96,2.5
1.96,2.5
1.96,2.5
0.98,2.5
0.98,2.5
0.98,2.5
0.98,2.5
0.98,2.5
0.98,2.5
0.98,2.5
0.98,2.5
0.98,2.5
0.66,2.5
0.66,2.5
0.66,2.5
0.66,2.5
0.66,2.5
0.66,2.5
0.66,2.5
0.66,2.5
0.66,2.5
1.96,2.01
1.96,2.01
1.96,2.01
1.96,1.03
1.96,1.03
1.96,1.03
1.96,2.31
1.96,2.31
1.96,2.31
0.98,1.37
0.98,1.37
0.98,1.37
0.98,1.03
0.98,1.03
0.98,1.03
0.98,2.31
0.98,2.31
0.98,2.31
0.66,2.25
0.66,2.25
0.66,2.25
0.66,1.03
0.66,1.03
0.66,1.03
0.66,2.31
0.66,2.31
0.66,2.31
1.96,3.3
1.96,3.3
1.96,3.3
1.96,3.3
1.96,3.3
1.96,3.3
1.96,3.3
1.96,3.3
1.96,3.3
0.98,3.3
0.98,3.3
0.98,3.3
0.98,3.3
0.98,3.3
0.98,3.3
0.98,3.3
0.98,3.3
0.98,3.3
0.66,3.3
0.66,3.3
0.66,3.3
0.66,3.3
0.66,3.3
0.66,3.3
0.66,3.3
0.66,3.3
0.66,3.3
1.96,2.5
1.96,2.5
1.96,2.5
1.96,2.5
1.96,2.5
1.96,2.5
1.96,2.5
1.96,2.5
1.96,2.5
0.98,2.5
0.98,2.5
0.98,2.5
0.98,2.5
0.98,2.5
0.98,2.5
0.98,2.5
0.98,2.5
0.98,2.5
0.66,2.5
0.66,2.5
0.66,2.5
0.66,2.5
0.66,2.5
0.66,2.5
0.66,2.5
0.66,2.5
0.66,2.5
0.0,2.01
0.0,2.01
0.0,2.01
0.0,2.02
0.0,2.31
0.0,2.31
0.0,2.31
0.0,2.31
0.0,2.31
0.0,2.25
0.0,2.33
0.0,2.29
0.0,2.23
0.0,2.31
0.0,2.31
0.0,2.31
0.0,2.31
0.0,2.31
0.0,2.25
0.0,2.25
0.0,2.25
0.0,2.29
0.0,2.31
0.0,2.31
0.0,2.31
0.0,2.31
0.0,2.31
0.0,2.04
0.0,2.36
0.0,3.0
0.0,2.04
0.0,2.36
0.0,3.0
0.0,2.04
0.0,2.36
0.0,3.0
0.0,2.28
0.0,2.36
0.0,3.0
0.0,2.28
0.0,2.36
0.0,3.0
0.0,2.28
0.0,2.36
0.0,3.0
0.0,2.8
0.0,2.36
0.0,3.0
0.0,2.8
0.0,2.36
0.0,3.0
0.0,2.8
0.0,2.36
0.0,3.0
0.0,2.5
0.0,2.5
0.0,2.5
0.0,2.5
0.0,2.5
0.0,2.5
0.0,2.5
0.0,2.5
0.0,2.5
0.0,2.5
0.0,2.5
0.0,2.5
0.0,2.5
0.0,2.5
0.0,2.5
0.0,2.5
0.0,2.5
0.0,2.5
0.0,2.5
0.0,2.5
0.0,2.5
0.0,2.5
0.0,2.5
0.0,2.5
0.0,2.5
0.0,2.5
0.0,2.5
0.0,2.01
0.0,2.01
0.0,2.01
0.0,4.87
0.0,4.87
0.0,4.87
0.0,2.31
0.0,2.31
0.0,2.31
0.0,4.84
0.0,4.84
0.0,4.84
0.0,4.87
0.0,4.87
0.0,4.87
0.0,2.31
0.0,2.31
0.0,2.31
0.0,2.25
0.0,2.25
0.0,2.25
0.0,4.87
0.0,4.87
0.0,4.87
0.0,2.31
0.0,2.31
0.0,2.31
0.0,4.95
0.0,4.95
0.0,4.95
0.0,4.95
0.0,4.95
0.0,4.95
0.0,4.95
0.0,4.95
0.0,4.95
0.0,4.95
0.0,4.95
0.0,4.95
0.0,4.95
0.0,4.95
0.0,4.95
0.0,4.95
0.0,4.95
0.0,4.95
0.0,4.95
0.0,4.95
0.0,4.95
0.0,4.95
0.0,4.95
0.0,4.95
0.0,4.95
0.0,4.95
0.0,4.95
0.0,2.5
0.0,2.5
0.0,2.5
0.0,2.5
0.0,2.5
0.0,2.5
0.0,2.5
0.0,2.5
0.0,2.5
0.0,2.5
0.0,2.5
0.0,2.5
0.0,2.5
0.0,2.5
0.0,2.5
0.0,2.5
0.0,2.5
0.0,2.5
0.0,2.5
0.0,2.5
0.0,2.5
0.0,2.5
0.0,2.5
0.0,2.5
0.0,2.5
0.0,2.5
0.0,2.5
0.0,2.01
0.0,2.01
0.0,2.01
0.0,2.4
0.0,2.4
0.0,2.4
0.0,2.31
0.0,2.31
0.0,2.31
0.0,2.33
0.0,2.33
0.0,2.33
0.0,2.4
0.0,2.4
0.0,2.4
0.0,2.31
0.0,2.31
0.0,2.31
0.0,2.25
0.0,2.25
0.0,2.25
0.0,2.4
0.0,2.4
0.0,2.4
