2.0,2.0
2.0,2.0
2.0,2.0
2.0,1.0
2.0,1.0
2.0,1.0
2.0,1.98
2.0,1.0
2.0,1.0
1.0,1.34
1.0,1.34
1.0,1.34
1.0,1.0
1.0,1.0
1.0,1.0
1.0,1.2
1.0,1.0
1.0,1.0
1.0,1.34
1.0,1.2
1.0,1.02
1.0,1.0
1.0,1.0
1.0,1.0
1.0,1.34
1.0,1.0
1.0,1.0
2.0,2.0
2.0,2.0
2.0,2.0
2.0,1.0
2.0,1.0
2.0,1.0
2.0,1.98
2.0,1.0
2.0,1.0
1.0,1.34
1.0,1.34
1.0,1.34
1.0,1.0
1.0,1.0
1.0,1.0
1.0,1.2
1.0,1.0
1.0,1.0
1.0,1.34
1.0,1.2
1.0,1.02
1.0,1.0
1.0,1.0
1.0,1.0
1.0,1.34
1.0,1.0
1.0,1.0
2.0,2.0
2.0,2.0
2.0,2.0
2.0,1.0
2.0,1.0
2.0,1.0
2.0,1.98
2.0,1.0
2.0,1.0
1.0,1.34
1.0,1.34
1.0,1.34
1.0,1.0
1.0,1.0
1.0,1.0
1.0,1.2
1.0,1.0
1.0,1.0
1.0,1.34
1.0,1.2
1.0,1.02
1.0,1.0
1.0,1.0
1.0,1.0
1.0,1.34
1.0,1.0
1.0,1.0
2.0,2.0
2.0,2.0
2.0,2.0
2.0,1.0
2.0,1.0
2.0,1.0
2.0,1.98
2.0,1.0
2.0,1.0
1.0,1.34
1.0,1.34
1.0,1.34
1.0,1.0
1.0,1.0
1.0,1.0
1.0,1.2
1.0,1.0
1.0,1.0
1.0,1.34
1.0,1.2
1.0,1.02
1.0,1.0
1.0,1.0
1.0,1.0
1.0,1.34
1.0,1.0
1.0,1.0
2.0,2.0
2.0,2.0
2.0,2.0
2.0,1.0
2.0,1.0
2.0,1.0
2.0,1.98
2.0,1.0
2.0,1.0
1.0,1.34
1.0,1.34
1.0,1.34
1.0,1.0
1.0,1.0
1.0,1.0
1.0,1.2
1.0,1.0
1.0,1.0
1.0,1.34
1.0,1.2
1.0,1.02
1.0,1.0
1.0,1.0
1.0,1.0
1.0,1.34
1.0,1.0
1.0,1.0
2.0,2.0
2.0,2.0
2.0,2.0
2.0,1.0
2.0,1.0
2.0,1.0
2.0,1.98
2.0,1.0
2.0,1.0
1.0,1.34
1.0,1.34
1.0,1.34
1.0,1.0
1.0,1.0
1.0,1.0
1.0,1.2
1.0,1.0
1.0,1.0
1.0,1.34
1.0,1.2
1.0,1.02
1.0,1.0
1.0,1.0
1.0,1.0
1.0,1.34
1.0,1.0
1.0,1.0
2.0,2.0
2.0,2.0
2.0,2.0
2.0,1.0
2.0,1.0
2.0,1.0
2.0,1.98
2.0,1.0
2.0,1.0
1.0,1.34
1.0,1.34
1.0,1.34
1.0,1.0
1.0,1.0
1.0,1.0
1.0,1.2
1.0,1.0
1.0,1.0
1.0,1.34
1.0,1.2
1.0,1.02
1.0,1.0
1.0,1.0
1.0,1.0
1.0,1.34
1.0,1.0
1.0,1.0
2.0,2.0
2.0,2.0
2.0,2.0
2.0,1.0
2.0,1.0
2.0,1.0
2.0,1.98
2.0,1.0
2.0,1.0
1.0,1.34
1.0,1.34
1.0,1.34
1.0,1.0
1.0,1.0
1.0,1.0
1.0,1.2
1.0,1.0
1.0,1.0
1.0,1.34
1.0,1.2
1.0,1.02
1.0,1.0
1.0,1.0
1.0,1.0
1.0,1.34
1.0,1.0
1.0,1.0
2.0,2.0
2.0,2.0
2.0,2.0
2.0,1.0
2.0,1.0
2.0,1.0
2.0,1.98
2.0,1.0
2.0,1.0
1.0,1.34
1.0,1.34
1.0,1.34
1.0,1.0
1.0,1.0
1.0,1.0
1.0,1.2
1.0,1.0
1.0,1.0
1.0,1.34
1.0,1.2
1.0,1.02
1.0,1.0
1.0,1.0
1.0,1.0
1.0,1.34
1.0,1.0
1.0,1.0
2.0,2.0
2.0,2.0
2.0,2.0
2.0,2.01
2.0,2.33
2.0,1.05
2.0,1.98
2.0,2.28
2.0,1.0
0.02,2.25
0.02,2.33
0.02,1.05
0.02,2.25
0.02,2.33
0.02,1.05
0.02,2.22
0.02,2.28
0.02,1.0
1.0,1.34
1.0,2.3
1.0,1.02
1.0,1.37
1.0,2.33
1.0,1.05
1.0,1.34
1.0,2.28
1.0,1.0
2.0,2.0
2.0,2.0
2.0,2.0
2.0,2.01
2.0,2.33
2.0,1.05
2.0,1.98
2.0,2.28
2.0,1.0
0.02,2.25
0.02,2.33
0.02,1.05
0.02,2.25
0.02,2.33
0.02,1.05
0.02,2.22
0.02,2.28
0.02,1.0
1.0,1.34
1.0,2.3
1.0,1.02
1.0,1.37
1.0,2.33
1.0,1.05
1.0,1.34
1.0,2.28
1.0,1.0
2.0,2.0
2.0,2.0
2.0,2.0
2.0,2.01
2.0,2.33
2.0,1.05
2.0,1.98
2.0,2.28
2.0,1.0
0.02,2.25
0.02,2.33
0.02,1.05
0.02,2.25
0.02,2.33
0.02,1.05
0.02,2.22
0.02,2.28
0.02,1.0
1.0,1.34
1.0,2.3
1.0,1.02
1.0,1.37
1.0,2.33
1.0,1.05
1.0,1.34
1.0,2.28
1.0,1.0
2.0,2.0
2.0,2.0
2.0,2.0
2.0,4.92
2.0,4.92
2.0,4.92
2.0,1.98
2.0,4.84
2.0,1.0
0.02,4.89
0.02,4.89
0.02,4.89
0.02,4.92
0.02,4.92
0.02,4.92
0.02,4.81
0.02,4.84
0.02,1.0
1.0,1.34
1.0,4.81
1.0,1.02
1.0,4.92
1.0,4.92
1.0,4.92
1.0,1.34
1.0,4.84
1.0,1.0
2.0,2.0
2.0,2.0
2.0,2.0
2.0,4.92
2.0,4.92
2.0,4.92
2.0,1.98
2.0,4.84
2.0,1.0
0.02,4.89
0.02,4.89
0.02,4.89
0.02,4.92
0.02,4.92
0.02,4.92
0.02,4.81
0.02,4.84
0.02,1.0
1.0,1.34
1.0,4.81
1.0,1.02
1.0,4.92
1.0,4.92
1.0,4.92
1.0,1.34
1.0,4.84
1.0,1.0
2.0,2.0
2.0,2.0
2.0,2.0
2.0,4.92
2.0,4.92
2.0,4.92
2.0,1.98
2.0,4.84
2.0,1.0
0.02,4.89
0.02,4.89
0.02,4.89
0.02,4.92
0.02,4.92
0.02,4.92
0.02,4.81
0.02,4.84
0.02,1.0
1.0,1.34
1.0,4.81
1.0,1.02
1.0,4.92
1.0,4.92
1.0,4.92
1.0,1.34
1.0,4.84
1.0,1.0
2.0,2.0
2.0,2.0
2.0,2.0
2.0,1.99
2.0,1.75
2.0,1.03
2.0,1.98
2.0,1.72
2.0,1.0
0.02,1.8
0.02,1.77
0.02,1.05
0.02,1.8
0.02,1.75
0.02,1.03
0.02,1.77
0.02,1.72
0.02,1.0
1.0,1.34
1.0,1.74
1.0,1.02
1.0,1.35
1.0,1.75
1.0,1.03
1.0,1.34
1.0,1.72
1.0,1.0
2.0,2.0
2.0,2.0
2.0,2.0
2.0,1.99
2.0,1.75
2.0,1.03
2.0,1.98
2.0,1.72
2.0,1.0
0.02,1.8
0.02,1.77
0.02,1.05
0.02,1.8
0.02,1.75
0.02,1.03
0.02,1.77
0.02,1.72
0.02,1.0
1.0,1.34
1.0,1.74
1.0,1.02
1.0,1.35
1.0,1.75
1.0,1.03
1.0,1.34
1.0,1.72
1.0,1.0
2.0,2.0
2.0,2.0
2.0,2.0
2.0,1.99
2.0,1.75
2.0,1.03
2.0,1.98
2.0,1.72
2.0,1.0
0.02,1.8
0.02,1.77
0.02,1.05
0.02,1.8
0.02,1.75
0.02,1.03
0.02,1.77
0.02,1.72
0.02,1.0
1.0,1.34
1.0,1.74
1.0,1.02
1.0,1.35
1.0,1.75
1.0,1.03
1.0,1.34
1.0,1.72
1.0,1.0
2.0,2.0
2.0,2.0
2.0,2.0
2.0,1.96
2.0,0.68
2.0,1.0
2.0,1.98
2.0,0.68
2.0,1.0
0.68,1.0
0.68,0.68
0.68,1.0
0.68,1.0
0.68,0.68
0.68,1.0
0.68,1.02
0.68,0.68
0.68,1.0
1.0,1.34
1.0,0.7
1.0,1.02
1.0,1.32
1.0,0.68
1.0,1.0
1.0,1.34
1.0,0.68
1.0,1.0
2.0,2.0
2.0,2.0
2.0,2.0
2.0,1.96
2.0,0.68
2.0,1.0
2.0,1.98
2.0,0.68
2.0,1.0
0.68,1.0
0.68,0.68
0.68,1.0
0.68,1.0
0.68,0.68
0.68,1.0
0.68,1.02
0.68,0.68
0.68,1.0
1.0,1.34
1.0,0.7
1.0,1.02
1.0,1.32
1.0,0.68
1.0,1.0
1.0,1.34
1.0,0.68
1.0,1.0
2.0,2.0
2.0,2.0
2.0,2.0
2.0,1.96
2.0,0.68
2.0,1.0
2.0,1.98
2.0,0.68
2.0,1.0
0.68,1.0
0.68,0.68
0.68,1.0
0.68,1.0
0.68,0.68
0.68,1.0
0.68,1.02
0.68,0.68
0.68,1.0
1.0,1.34
1.0,0.7
1.0,1.02
1.0,1.32
1.0,0.68
1.0,1.0
1.0,1.34
1.0,0.68
1.0,1.0
2.0,2.0
2.0,2.0
2.0,2.0
2.0,1.96
2.0,0.68
2.0,1.0
2.0,1.98
2.0,0.68
2.0,1.0
0.68,1.0
0.68,0.68
0.68,1.0
0.68,1.0
0.68,0.68
0.68,1.0
0.68,1.02
0.68,0.68
0.68,1.0
1.0,1.34
1.0,0.7
1.0,1.02
1.0,1.32
1.0,0.68
1.0,1.0
1.0,1.34
1.0,0.68
1.0,1.0
2.0,2.0
2.0,2.0
2.0,2.0
2.0,1.96
2.0,0.68
2.0,1.0
2.0,1.98
2.0,0.68
2.0,1.0
0.68,1.0
0.68,0.68
0.68,1.0
0.68,1.0
0.68,0.68
0.68,1.0
0.68,1.02
0.68,0.68
0.68,1.0
1.0,1.34
1.0,0.7
1.0,1.02
1.0,1.32
1.0,0.68
1.0,1.0
1.0,1.34
1.0,0.68
1.0,1.0
2.0,2.0
2.0,2.0
2.0,2.0
2.0,1.96
2.0,0.68
2.0,1.0
2.0,1.98
2.0,0.68
2.0,1.0
0.68,1.0
0.68,0.68
0.68,1.0
0.68,1.0
0.68,0.68
0.68,1.0
0.68,1.02
0.68,0.68
0.68,1.0
1.0,1.34
1.0,0.7
1.0,1.02
1.0,1.32
1.0,0.68
1.0,1.0
1.0,1.34
1.0,0.68
1.0,1.0
2.0,2.0
2.0,2.0
2.0,2.0
2.0,1.96
2.0,0.68
2.0,1.0
2.0,1.98
2.0,0.68
2.0,1.0
0.68,1.0
0.68,0.68
0.68,1.0
0.68,1.0
0.68,0.68
0.68,1.0
0.68,1.02
0.68,0.68
0.68,1.0
1.0,1.34
1.0,0.7
1.0,1.02
1.0,1.32
1.0,0.68
1.0,1.0
1.0,1.34
1.0,0.68
1.0,1.0
2.0,2.0
2.0,2.0
2.0,2.0
2.0,1.96
2.0,0.68
2.0,1.0
2.0,1.98
2.0,0.68
2.0,1.0
0.68,1.0
0.68,0.68
0.68,1.0
0.68,1.0
0.68,0.68
0.68,1.0
0.68,1.02
0.68,0.68
0.68,1.0
1.0,1.34
1.0,0.7
1.0,1.02
1.0,1.32
1.0,0.68
1.0,1.0
1.0,1.34
1.0,0.68
1.0,1.0
2.0,2.0
2.0,2.0
2.0,2.0
2.0,1.96
2.0,0.68
2.0,1.0
2.0,1.98
2.0,0.68
2.0,1.0
0.68,1.0
0.68,0.68
0.68,1.0
0.68,1.0
0.68,0.68
0.68,1.0
0.68,1.02
0.68,0.68
0.68,1.0
1.0,1.34
1.0,0.7
1.0,1.02
1.0,1.32
1.0,0.68
1.0,1.0
1.0,1.34
1.0,0.68
1.0,1.0
2.0,2.0
2.0,2.0
2.0,2.0
2.0,1.0
2.0,1.0
2.0,1.0
2.0,1.98
2.0,1.0
2.0,1.0
1.0,1.34
1.0,1.34
1.0,1.34
1.0,1.0
1.0,1.0
1.0,1.0
1.0,1.2
1.0,1.0
1.0,1.0
1.0,1.34
1.0,1.2
1.0,1.02
1.0,1.0
1.0,1.0
1.0,1.0
1.0,1.34
1.0,1.0
1.0,1.0
2.0,2.0
2.0,2.0
2.0,2.0
2.0,1.0
2.0,1.0
2.0,1.0
2.0,1.98
2.0,1.0
2.0,1.0
1.0,1.34
1.0,1.34
1.0,1.34
1.0,1.0
1.0,1.0
1.0,1.0
1.0,1.2
1.0,1.0
1.0,1.0
1.0,1.34
1.0,1.2
1.0,1.02
1.0,1.0
1.0,1.0
1.0,1.0
1.0,1.34
1.0,1.0
1.0,1.0
2.0,2.0
2.0,2.0
2.0,2.0
2.0,1.0
2.0,1.0
2.0,1.0
2.0,1.98
2.0,1.0
2.0,1.0
1.0,1.34
1.0,1.34
1.0,1.34
1.0,1.0
1.0,1.0
1.0,1.0
1.0,1.2
1.0,1.0
1.0,1.0
1.0,1.34
1.0,1.2
1.0,1.02
1.0,1.0
1.0,1.0
1.0,1.0
1.0,1.34
1.0,1.0
1.0,1.0
2.0,2.0
2.0,2.0
2.0,2.0
2.0,1.0
2.0,1.0
2.0,1.0
2.0,1.98
2.0,1.0
2.0,1.0
1.0,1.34
1.0,1.34
1.0,1.34
1.0,1.0
1.0,1.0
1.0,1.0
1.0,1.2
1.0,1.0
1.0,1.0
1.0,1.34
1.0,1.2
1.0,1.02
1.0,1.0
1.0,1.0
1.0,1.0
1.0,1.34
1.0,1.0
1.0,1.0
2.0,2.0
2.0,2.0
2.0,2.0
2.0,1.0
2.0,1.0
2.0,1.0
2.0,1.98
2.0,1.0
2.0,1.0
1.0,1.34
1.0,1.34
1.0,1.34
1.0,1.0
1.0,1.0
1.0,1.0
1.0,1.2
1.0,1.0
1.0,1.0
1.0,1.34
1.0,1.2
1.0,1.02
1.0,1.0
1.0,1.0
1.0,1.0
1.0,1.34
1.0,1.0
1.0,1.0
2.0,2.0
2.0,2.0
2.0,2.0
2.0,1.0
2.0,1.0
2.0,1.0
2.0,1.98
2.0,1.0
2.0,1.0
1.0,1.34
1.0,1.34
1.0,1.34
1.0,1.0
1.0,1.0
1.0,1.0
1.0,1.2
1.0,1.0
1.0,1.0
1.0,1.34
1.0,1.2
1.0,1.02
1.0,1.0
1.0,1.0
1.0,1.0
1.0,1.34
1.0,1.0
1.0,1.0
2.0,2.0
2.0,2.0
2.0,2.0
2.0,1.0
2.0,1.0
2.0,1.0
2.0,1.98
2.0,1.0
2.0,1.0
1.0,1.34
1.0,1.34
1.0,1.34
1.0,1.0
1.0,1.0
1.0,1.0
1.0,1.2
1.0,1.0
1.0,1.0
1.0,1.34
1.0,1.2
1.0,1.02
1.0,1.0
1.0,1.0
1.0,1.0
1.0,1.34
1.0,1.0
1.0,1.0
2.0,2.0
2.0,2.0
2.0,2.0
2.0,1.0
2.0,1.0
2.0,1.0
2.0,1.98
2.0,1.0
2.0,1.0
1.0,1.34
1.0,1.34
1.0,1.34
1.0,1.0
1.0,1.0
1.0,1.0
1.0,1.2
1.0,1.0
1.0,1.0
1.0,1.34
1.0,1.2
1.0,1.02
1.0,1.0
1.0,1.0
1.0,1.0
1.0,1.34
1.0,1.0
1.0,1.0
2.0,2.0
2.0,2.0
2.0,2.0
2.0,1.0
2.0,1.0
2.0,1.0
2.0,1.98
2.0,1.0
2.0,1.0
1.0,1.34
1.0,1.34
1.0,1.34
1.0,1.0
1.0,1.0
1.0,1.0
1.0,1.2
1.0,1.0
1.0,1.0
1.0,1.34
1.0,1.2
1.0,1.02
1.0,1.0
1.0,1.0
1.0,1.0
1.0,1.34
1.0,1.0
1.0,1.0
2.0,2.0
2.0,2.0
2.0,2.0
2.0,2.01
2.0,2.33
2.0,1.05
2.0,1.98
2.0,2.28
2.0,1.0
0.02,2.25
0.02,2.33
0.02,1.05
0.02,2.25
0.02,2.33
0.02,1.05
0.02,2.22
0.02,2.28
0.02,1.0
1.0,1.34
1.0,2.3
1.0,1.02
1.0,1.37
1.0,2.33
1.0,1.05
1.0,1.34
1.0,2.28
1.0,1.0
2.0,2.0
2.0,2.0
2.0,2.0
2.0,2.01
2.0,2.33
2.0,1.05
2.0,1.98
2.0,2.28
2.0,1.0
0.02,2.25
0.02,2.33
0.02,1.05
0.02,2.25
0.02,2.33
0.02,1.05
0.02,2.22
0.02,2.28
0.02,1.0
1.0,1.34
1.0,2.3
1.0,1.02
1.0,1.37
1.0,2.33
1.0,1.05
1.0,1.34
1.0,2.28
1.0,1.0
2.0,2.0
2.0,2.0
2.0,2.0
2.0,2.01
2.0,2.33
2.0,1.05
2.0,1.98
2.0,2.28
2.0,1.0
0.02,2.25
0.02,2.33
0.02,1.05
0.02,2.25
0.02,2.33
0.02,1.05
0.02,2.22
0.02,2.28
0.02,1.0
1.0,1.34
1.0,2.3
1.0,1.02
1.0,1.37
1.0,2.33
1.0,1.05
1.0,1.34
1.0,2.28
1.0,1.0
2.0,2.0
2.0,2.0
2.0,2.0
2.0,4.92
2.0,4.92
2.0,4.92
2.0,1.98
2.0,4.84
2.0,1.0
0.02,4.89
0.02,4.89
0.02,4.89
0.02,4.92
0.02,4.92
0.02,4.92
0.02,4.81
0.02,4.84
0.02,1.0
1.0,1.34
1.0,4.81
1.0,1.02
1.0,4.92
1.0,4.92
1.0,4.92
1.0,1.34
1.0,4.84
1.0,1.0
2.0,2.0
2.0,2.0
2.0,2.0
2.0,4.92
2.0,4.92
2.0,4.92
2.0,1.98
2.0,4.84
2.0,1.0
0.02,4.89
0.02,4.89
0.02,4.89
0.02,4.92
0.02,4.92
0.02,4.92
0.02,4.81
0.02,4.84
0.02,1.0
1.0,1.34
1.0,4.81
1.0,1.02
1.0,4.92
1.0,4.92
1.0,4.92
1.0,1.34
1.0,4.84
1.0,1.0
2.0,2.0
2.0,2.0
2.0,2.0
2.0,4.92
2.0,4.92
2.0,4.92
2.0,1.98
2.0,4.84
2.0,1.0
0.02,4.89
0.02,4.89
0.02,4.89
0.02,4.92
0.02,4.92
0.02,4.92
0.02,4.81
0.02,4.84
0.02,1.0
1.0,1.34
1.0,4.81
1.0,1.02
1.0,4.92
1.0,4.92
1.0,4.92
1.0,1.34
1.0,4.84
1.0,1.0
2.0,2.0
2.0,2.0
2.0,2.0
2.0,1.99
2.0,1.75
2.0,1.03
2.0,1.98
2.0,1.72
2.0,1.0
0.02,1.8
0.02,1.77
0.02,1.05
0.02,1.8
0.02,1.75
0.02,1.03
0.02,1.77
0.02,1.72
0.02,1.0
1.0,1.34
1.0,1.74
1.0,1.02
1.0,1.35
1.0,1.75
1.0,1.03
1.0,1.34
1.0,1.72
1.0,1.0
2.0,2.0
2.0,2.0
2.0,2.0
2.0,1.99
2.0,1.75
2.0,1.03
2.0,1.98
2.0,1.72
2.0,1.0
0.02,1.8
0.02,1.77
0.02,1.05
0.02,1.8
0.02,1.75
0.02,1.03
0.02,1.77
0.02,1.72
0.02,1.0
1.0,1.34
1.0,1.74
1.0,1.02
1.0,1.35
1.0,1.75
1.0,1.03
1.0,1.34
1.0,1.72
1.0,1.0
2.0,2.0
2.0,2.0
2.0,2.0
2.0,1.99
2.0,1.75
2.0,1.03
2.0,1.98
2.0,1.72
2.0,1.0
0.02,1.8
0.02,1.77
0.02,1.05
0.02,1.8
0.02,1.75
0.02,1.03
0.02,1.77
0.02,1.72
0.02,1.0
1.0,1.34
1.0,1.74
1.0,1.02
1.0,1.35
1.0,1.75
1.0,1.03
1.0,1.34
1.0,1.72
1.0,1.0
2.0,2.0
2.0,2.0
2.0,2.0
2.0,1.96
2.0,0.68
2.0,1.0
2.0,1.98
2.0,0.68
2.0,1.0
0.68,1.0
0.68,0.68
0.68,1.0
0.68,1.0
0.68,0.68
0.68,1.0
0.68,1.02
0.68,0.68
0.68,1.0
1.0,1.34
1.0,0.7
1.0,1.02
1.0,1.32
1.0,0.68
1.0,1.0
1.0,1.34
1.0,0.68
1.0,1.0
2.0,2.0
2.0,2.0
2.0,2.0
2.0,1.96
2.0,0.68
2.0,1.0
2.0,1.98
2.0,0.68
2.0,1.0
0.68,1.0
0.68,0.68
0.68,1.0
0.68,1.0
0.68,0.68
0.68,1.0
0.68,1.02
0.68,0.68
0.68,1.0
1.0,1.34
1.0,0.7
1.0,1.02
1.0,1.32
1.0,0.68
1.0,1.0
1.0,1.34
1.0,0.68
1.0,1.0
2.0,2.0
2.0,2.0
2.0,2.0
2.0,1.96
2.0,0.68
2.0,1.0
2.0,1.98
2.0,0.68
2.0,1.0
0.68,1.0
0.68,0.68
0.68,1.0
0.68,1.0
0.68,0.68
0.68,1.0
0.68,1.02
0.68,0.68
0.68,1.0
1.0,1.34
1.0,0.7
1.0,1.02
1.0,1.32
1.0,0.68
1.0,1.0
1.0,1.34
1.0,0.68
1.0,1.0
2.0,2.0
2.0,2.0
2.0,2.0
2.0,1.96
2.0,0.68
2.0,1.0
2.0,1.98
2.0,0.68
2.0,1.0
0.68,1.0
0.68,0.68
0.68,1.0
0.68,1.0
0.68,0.68
0.68,1.0
0.68,1.02
0.68,0.68
0.68,1.0
1.0,1.34
1.0,0.7
1.0,1.02
1.0,1.32
1.0,0.68
1.0,1.0
1.0,1.34
1.0,0.68
1.0,1.0
2.0,2.0
2.0,2.0
2.0,2.0
2.0,1.96
2.0,0.68
2.0,1.0
2.0,1.98
2.0,0.68
2.0,1.0
0.68,1.0
0.68,0.68
0.68,1.0
0.68,1.0
0.68,0.68
0.68,1.0
0.68,1.02
0.68,0.68
0.68,1.0
1.0,1.34
1.0,0.7
1.0,1.02
1.0,1.32
1.0,0.68
1.0,1.0
1.0,1.34
1.0,0.68
1.0,1.0
2.0,2.0
2.0,2.0
2.0,2.0
2.0,1.96
2.0,0.68
2.0,1.0
2.0,1.98
2.0,0.68
2.0,1.0
0.68,1.0
0.68,0.68
0.68,1.0
0.68,1.0
0.68,0.68
0.68,1.0
0.68,1.02
0.68,0.68
0.68,1.0
1.0,1.34
1.0,0.7
1.0,1.02
1.0,1.32
1.0,0.68
1.0,1.0
1.0,1.34
1.0,0.68
1.0,1.0
2.0,2.0
2.0,2.0
2.0,2.0
2.0,1.96
2.0,0.68
2.0,1.0
2.0,1.98
2.0,0.68
2.0,1.0
0.68,1.0
0.68,0.68
0.68,1.0
0.68,1.0
0.68,0.68
0.68,1.0
0.68,1.02
0.68,0.68
0.68,1.0
1.0,1.34
1.0,0.7
1.0,1.02
1.0,1.32
1.0,0.68
1.0,1.0
1.0,1.34
1.0,0.68
1.0,1.0
2.0,2.0
2.0,2.0
2.0,2.0
2.0,1.96
2.0,0.68
2.0,1.0
2.0,1.98
2.0,0.68
2.0,1.0
0.68,1.0
0.68,0.68
0.68,1.0
0.68,1.0
0.68,0.68
0.68,1.0
0.68,1.02
0.68,0.68
0.68,1.0
1.0,1.34
1.0,0.7
1.0,1.02
1.0,1.32
1.0,0.68
1.0,1.0
1.0,1.34
1.0,0.68
1.0,1.0
2.0,2.0
2.0,2.0
2.0,2.0
2.0,1.96
2.0,0.68
2.0,1.0
2.0,1.98
2.0,0.68
2.0,1.0
0.68,1.0
0.68,0.68
0.68,1.0
0.68,1.0
0.68,0.68
0.68,1.0
0.68,1.02
0.68,0.68
0.68,1.0
1.0,1.34
1.0,0.7
1.0,1.02
1.0,1.32
1.0,0.68
1.0,1.0
1.0,1.34
1.0,0.68
1.0,1.0
2.0,2.0
2.0,2.0
2.0,2.0
2.0,1.0
2.0,1.0
2.0,1.0
2.0,1.98
2.0,1.0
2.0,1.0
1.0,1.34
1.0,1.34
1.0,1.34
1.0,1.0
1.0,1.0
1.0,1.0
1.0,1.2
1.0,1.0
1.0,1.0
1.0,1.34
1.0,1.2
1.0,1.02
1.0,1.0
1.0,1.0
1.0,1.0
1.0,1.34
1.0,1.0
1.0,1.0
2.0,2.0
2.0,2.0
2.0,2.0
2.0,1.0
2.0,1.0
2.0,1.0
2.0,1.98
2.0,1.0
2.0,1.0
1.0,1.34
1.0,1.34
1.0,1.34
1.0,1.0
1.0,1.0
1.0,1.0
1.0,1.2
1.0,1.0
1.0,1.0
1.0,1.34
1.0,1.2
1.0,1.02
1.0,1.0
1.0,1.0
1.0,1.0
1.0,1.34
1.0,1.0
1.0,1.0
2.0,2.0
2.0,2.0
2.0,2.0
2.0,1.0
2.0,1.0
2.0,1.0
2.0,1.98
2.0,1.0
2.0,1.0
1.0,1.34
1.0,1.34
1.0,1.34
1.0,1.0
1.0,1.0
1.0,1.0
1.0,1.2
1.0,1.0
1.0,1.0
1.0,1.34
1.0,1.2
1.0,1.02
1.0,1.0
1.0,1.0
1.0,1.0
1.0,1.34
1.0,1.0
1.0,1.0
2.0,2.0
2.0,2.0
2.0,2.0
2.0,1.0
2.0,1.0
2.0,1.0
2.0,1.98
2.0,1.0
2.0,1.0
1.0,1.34
1.0,1.34
1.0,1.34
1.0,1.0
1.0,1.0
1.0,1.0
1.0,1.2
1.0,1.0
1.0,1.0
1.0,1.34
1.0,1.2
1.0,1.02
1.0,1.0
1.0,1.0
1.0,1.0
1.0,1.34
1.0,1.0
1.0,1.0
2.0,2.0
2.0,2.0
2.0,2.0
2.0,1.0
2.0,1.0
2.0,1.0
2.0,1.98
2.0,1.0
2.0,1.0
1.0,1.34
1.0,1.34
1.0,1.34
1.0,1.0
1.0,1.0
1.0,1.0
1.0,1.2
1.0,1.0
1.0,1.0
1.0,1.34
1.0,1.2
1.0,1.02
1.0,1.0
1.0,1.0
1.0,1.0
1.0,1.34
1.0,1.0
1.0,1.0
2.0,2.0
2.0,2.0
2.0,2.0
2.0,1.0
2.0,1.0
2.0,1.0
2.0,1.98
2.0,1.0
2.0,1.0
1.0,1.34
1.0,1.34
1.0,1.34
1.0,1.0
1.0,1.0
1.0,1.0
1.0,1.2
1.0,1.0
1.0,1.0
1.0,1.34
1.0,1.2
1.0,1.02
1.0,1.0
1.0,1.0
1.0,1.0
1.0,1.34
1.0,1.0
1.0,1.0
2.0,2.0
2.0,2.0
2.0,2.0
2.0,1.0
2.0,1.0
2.0,1.0
2.0,1.98
2.0,1.0
2.0,1.0
1.0,1.34
1.0,1.34
1.0,1.34
1.0,1.0
1.0,1.0
1.0,1.0
1.0,1.2
1.0,1.0
1.0,1.0
1.0,1.34
1.0,1.2
1.0,1.02
1.0,1.0
1.0,1.0
1.0,1.0
1.0,1.34
1.0,1.0
1.0,1.0
2.0,2.0
2.0,2.0
2.0,2.0
2.0,1.0
2.0,1.0
2.0,1.0
2.0,1.98
2.0,1.0
2.0,1.0
1.0,1.34
1.0,1.34
1.0,1.34
1.0,1.0
1.0,1.0
1.0,1.0
1.0,1.2
1.0,1.0
1.0,1.0
1.0,1.34
1.0,1.2
1.0,1.02
1.0,1.0
1.0,1.0
1.0,1.0
1.0,1.34
1.0,1.0
1.0,1.0
2.0,2.0
2.0,2.0
2.0,2.0
2.0,1.0
2.0,1.0
2.0,1.0
2.0,1.98
2.0,1.0
2.0,1.0
1.0,1.34
1.0,1.34
1.0,1.34
1.0,1.0
1.0,1.0
1.0,1.0
1.0,1.2
1.0,1.0
1.0,1.0
1.0,1.34
1.0,1.2
1.0,1.02
1.0,1.0
1.0,1.0
1.0,1.0
1.0,1.34
1.0,1.0
1.0,1.0
2.0,2.0
2.0,2.0
2.0,2.0
2.0,2.01
2.0,2.33
2.0,1.05
2.0,1.98
2.0,2.28
2.0,1.0
0.02,2.25
0.02,2.33
0.02,1.05
0.02,2.25
0.02,2.33
0.02,1.05
0.02,2.22
0.02,2.28
0.02,1.0
1.0,1.34
1.0,2.3
1.0,1.02
1.0,1.37
1.0,2.33
1.0,1.05
1.0,1.34
1.0,2.28
1.0,1.0
2.0,2.0
2.0,2.0
2.0,2.0
2.0,2.01
2.0,2.33
2.0,1.05
2.0,1.98
2.0,2.28
2.0,1.0
0.02,2.25
0.02,2.33
0.02,1.05
0.02,2.25
0.02,2.33
0.02,1.05
0.02,2.22
0.02,2.28
0.02,1.0
1.0,1.34
1.0,2.3
1.0,1.02
1.0,1.37
1.0,2.33
1.0,1.05
1.0,1.34
1.0,2.28
1.0,1.0
2.0,2.0
2.0,2.0
2.0,2.0
2.0,2.01
2.0,2.33
2.0,1.05
2.0,1.98
2.0,2.28
2.0,1.0
0.02,2.25
0.02,2.33
0.02,1.05
0.02,2.25
0.02,2.33
0.02,1.05
0.02,2.22
0.02,2.28
0.02,1.0
1.0,1.34
1.0,2.3
1.0,1.02
1.0,1.37
1.0,2.33
1.0,1.05
1.0,1.34
1.0,2.28
1.0,1.0
2.0,2.0
2.0,2.0
2.0,2.0
2.0,4.92
2.0,4.92
2.0,4.92
2.0,1.98
2.0,4.84
2.0,1.0
0.02,4.89
0.02,4.89
0.02,4.89
0.02,4.92
0.02,4.92
0.02,4.92
0.02,4.81
0.02,4.84
0.02,1.0
1.0,1.34
1.0,4.81
1.0,1.02
1.0,4.92
1.0,4.92
1.0,4.92
1.0,1.34
1.0,4.84
1.0,1.0
2.0,2.0
2.0,2.0
2.0,2.0
2.0,4.92
2.0,4.92
2.0,4.92
2.0,1.98
2.0,4.84
2.0,1.0
0.02,4.89
0.02,4.89
0.02,4.89
0.02,4.92
0.02,4.92
0.02,4.92
0.02,4.81
0.02,4.84
0.02,1.0
1.0,1.34
1.0,4.81
1.0,1.02
1.0,4.92
1.0,4.92
1.0,4.92
1.0,1.34
1.0,4.84
1.0,1.0
2.0,2.0
2.0,2.0
2.0,2.0
2.0,4.92
2.0,4.92
2.0,4.92
2.0,1.98
2.0,4.84
2.0,1.0
0.02,4.89
0.02,4.89
0.02,4.89
0.02,4.92
0.02,4.92
0.02,4.92
0.02,4.81
0.02,4.84
0.02,1.0
1.0,1.34
1.0,4.81
1.0,1.02
1.0,4.92
1.0,4.92
1.0,4.92
1.0,1.34
1.0,4.84
1.0,1.0
2.0,2.0
2.0,2.0
2.0,2.0
2.0,1.99
2.0,1.75
2.0,1.03
2.0,1.98
2.0,1.72
2.0,1.0
0.02,1.8
0.02,1.77
0.02,1.05
0.02,1.8
0.02,1.75
0.02,1.03
0.02,1.77
0.02,1.72
0.02,1.0
1.0,1.34
1.0,1.74
1.0,1.02
1.0,1.35
1.0,1.75
1.0,1.03
1.0,1.34
1.0,1.72
1.0,1.0
2.0,2.0
2.0,2.0
2.0,2.0
2.0,1.99
2.0,1.75
2.0,1.03
2.0,1.98
2.0,1.72
2.0,1.0
0.02,1.8
0.02,1.77
0.02,1.05
0.02,1.8
0.02,1.75
0.02,1.03
0.02,1.77
0.02,1.72
0.02,1.0
1.0,1.34
1.0,1.74
1.0,1.02
1.0,1.35
1.0,1.75
1.0,1.03
1.0,1.34
1.0,1.72
1.0,1.0
2.0,2.0
2.0,2.0
2.0,2.0
2.0,1.99
2.0,1.75
2.0,1.03
2.0,1.98
2.0,1.72
2.0,1.0
0.02,1.8
0.02,1.77
0.02,1.05
0.02,1.8
0.02,1.75
0.02,1.03
0.02,1.77
0.02,1.72
0.02,1.0
1.0,1.34
1.0,1.74
1.0,1.02
1.0,1.35
1.0,1.75
1.0,1.03
1.0,1.34
1.0,1.72
1.0,1.0
2.0,2.0
2.0,2.0
2.0,2.0
2.0,1.96
2.0,0.68
2.0,1.0
2.0,1.98
2.0,0.68
2.0,1.0
0.68,1.0
0.68,0.68
0.68,1.0
0.68,1.0
0.68,0.68
0.68,1.0
0.68,1.02
0.68,0.68
0.68,1.0
1.0,1.34
1.0,0.7
1.0,1.02
1.0,1.32
1.0,0.68
1.0,1.0
1.0,1.34
1.0,0.68
1.0,1.0
2.0,2.0
2.0,2.0
2.0,2.0
2.0,1.96
2.0,0.68
2.0,1.0
2.0,1.98
2.0,0.68
2.0,1.0
0.68,1.0
0.68,0.68
0.68,1.0
0.68,1.0
0.68,0.68
0.68,1.0
0.68,1.02
0.68,0.68
0.68,1.0
1.0,1.34
1.0,0.7
1.0,1.02
1.0,1.32
1.0,0.68
1.0,1.0
1.0,1.34
1.0,0.68
1.0,1.0
2.0,2.0
2.0,2.0
2.0,2.0
2.0,1.96
2.0,0.68
2.0,1.0
2.0,1.98
2.0,0.68
2.0,1.0
0.68,1.0
0.68,0.68
0.68,1.0
0.68,1.0
0.68,0.68
0.68,1.0
0.68,1.02
0.68,0.68
0.68,1.0
1.0,1.34
1.0,0.7
1.0,1.02
1.0,1.32
1.0,0.68
1.0,1.0
1.0,1.34
1.0,0.68
1.0,1.0
2.0,2.0
2.0,2.0
2.0,2.0
2.0,1.96
2.0,0.68
2.0,1.0
2.0,1.98
2.0,0.68
2.0,1.0
0.68,1.0
0.68,0.68
0.68,1.0
0.68,1.0
0.68,0.68
0.68,1.0
0.68,1.02
0.68,0.68
0.68,1.0
1.0,1.34
1.0,0.7
1.0,1.02
1.0,1.32
1.0,0.68
1.0,1.0
1.0,1.34
1.0,0.68
1.0,1.0
2.0,2.0
2.0,2.0
2.0,2.0
2.0,1.96
2.0,0.68
2.0,1.0
2.0,1.98
2.0,0.68
2.0,1.0
0.68,1.0
0.68,0.68
0.68,1.0
0.68,1.0
0.68,0.68
0.68,1.0
0.68,1.02
0.68,0.68
0.68,1.0
1.0,1.34
1.0,0.7
1.0,1.02
1.0,1.32
1.0,0.68
1.0,1.0
1.0,1.34
1.0,0.68
1.0,1.0
2.0,2.0
2.0,2.0
2.0,2.0
2.0,1.96
2.0,0.68
2.0,1.0
2.0,1.98
2.0,0.68
2.0,1.0
0.68,1.0
0.68,0.68
0.68,1.0
0.68,1.0
0.68,0.68
0.68,1.0
0.68,1.02
0.68,0.68
0.68,1.0
1.0,1.34
1.0,0.7
1.0,1.02
1.0,1.32
1.0,0.68
1.0,1.0
1.0,1.34
1.0,0.68
1.0,1.0
2.0,2.0
2.0,2.0
2.0,2.0
2.0,1.96
2.0,0.68
2.0,1.0
2.0,1.98
2.0,0.68
2.0,1.0
0.68,1.0
0.68,0.68
0.68,1.0
0.68,1.0
0.68,0.68
0.68,1.0
0.68,1.02
0.68,0.68
0.68,1.0
1.0,1.34
1.0,0.7
1.0,1.02
1.0,1.32
1.0,0.68
1.0,1.0
1.0,1.34
1.0,0.68
1.0,1.0
2.0,2.0
2.0,2.0
2.0,2.0
2.0,1.96
2.0,0.68
2.0,1.0
2.0,1.98
2.0,0.68
2.0,1.0
0.68,1.0
0.68,0.68
0.68,1.0
0.68,1.0
0.68,0.68
0.68,1.0
0.68,1.02
0.68,0.68
0.68,1.0
1.0,1.34
1.0,0.7
1.0,1.02
1.0,1.32
1.0,0.68
1.0,1.0
1.0,1.34
1.0,0.68
1.0,1.0
2.0,2.0
2.0,2.0
2.0,2.0
2.0,1.96
2.0,0.68
2.0,1.0
2.0,1.98
2.0,0.68
2.0,1.0
0.68,1.0
0.68,0.68
0.68,1.0
0.68,1.0
0.68,0.68
0.68,1.0
0.68,1.02
0.68,0.68
0.68,1.0
1.0,1.34
1.0,0.7
1.0,1.02
1.0,1.32
1.0,0.68
1.0,1.0
1.0,1.34
1.0,0.68
1.0,1.0
2.0,2.0
2.0,2.0
2.0,2.0
2.0,1.0
2.0,1.0
2.0,1.0
2.0,1.98
2.0,1.0
2.0,1.0
1.0,1.34
1.0,1.34
1.0,1.34
1.0,1.0
1.0,1.0
1.0,1.0
1.0,1.2
1.0,1.0
1.0,1.0
1.0,1.34
1.0,1.2
1.0,1.02
1.0,1.0
1.0,1.0
1.0,1.0
1.0,1.34
1.0,1.0
1.0,1.0
2.0,2.0
2.0,2.0
2.0,2.0
2.0,1.0
2.0,1.0
2.0,1.0
2.0,1.98
2.0,1.0
2.0,1.0
1.0,1.34
1.0,1.34
1.0,1.34
1.0,1.0
1.0,1.0
1.0,1.0
1.0,1.2
1.0,1.0
1.0,1.0
1.0,1.34
1.0,1.2
1.0,1.02
1.0,1.0
1.0,1.0
1.0,1.0
1.0,1.34
1.0,1.0
1.0,1.0
2.0,2.0
2.0,2.0
2.0,2.0
2.0,1.0
2.0,1.0
2.0,1.0
2.0,1.98
2.0,1.0
2.0,1.0
1.0,1.34
1.0,1.34
1.0,1.34
1.0,1.0
1.0,1.0
1.0,1.0
1.0,1.2
1.0,1.0
1.0,1.0
1.0,1.34
1.0,1.2
1.0,1.02
1.0,1.0
1.0,1.0
1.0,1.0
1.0,1.34
1.0,1.0
1.0,1.0
2.0,2.0
2.0,2.0
2.0,2.0
2.0,1.0
2.0,1.0
2.0,1.0
2.0,1.98
2.0,1.0
2.0,1.0
1.0,1.34
1.0,1.34
1.0,1.34
1.0,1.0
1.0,1.0
1.0,1.0
1.0,1.2
1.0,1.0
1.0,1.0
1.0,1.34
1.0,1.2
1.0,1.02
1.0,1.0
1.0,1.0
1.0,1.0
1.0,1.34
1.0,1.0
1.0,1.0
2.0,2.0
2.0,2.0
2.0,2.0
2.0,1.0
2.0,1.0
2.0,1.0
2.0,1.98
2.0,1.0
2.0,1.0
1.0,1.34
1.0,1.34
1.0,1.34
1.0,1.0
1.0,1.0
1.0,1.0
1.0,1.2
1.0,1.0
1.0,1.0
1.0,1.34
1.0,1.2
1.0,1.02
1.0,1.0
1.0,1.0
1.0,1.0
1.0,1.34
1.0,1.0
1.0,1.0
2.0,2.0
2.0,2.0
2.0,2.0
2.0,1.0
2.0,1.0
2.0,1.0
2.0,1.98
2.0,1.0
2.0,1.0
1.0,1.34
1.0,1.34
1.0,1.34
1.0,1.0
1.0,1.0
1.0,1.0
1.0,1.2
1.0,1.0
1.0,1.0
1.0,1.34
1.0,1.2
1.0,1.02
1.0,1.0
1.0,1.0
1.0,1.0
1.0,1.34
1.0,1.0
1.0,1.0
2.0,2.0
2.0,2.0
2.0,2.0
2.0,1.0
2.0,1.0
2.0,1.0
2.0,1.98
2.0,1.0
2.0,1.0
1.0,1.34
1.0,1.34
1.0,1.34
1.0,1.0
1.0,1.0
1.0,1.0
1.0,1.2
1.0,1.0
1.0,1.0
1.0,1.34
1.0,1.2
1.0,1.02
1.0,1.0
1.0,1.0
1.0,1.0
1.0,1.34
1.0,1.0
1.0,1.0
2.0,2.0
2.0,2.0
2.0,2.0
2.0,1.0
2.0,1.0
2.0,1.0
2.0,1.98
2.0,1.0
2.0,1.0
1.0,1.34
1.0,1.34
1.0,1.34
1.0,1.0
1.0,1.0
1.0,1.0
1.0,1.2
1.0,1.0
1.0,1.0
1.0,1.34
1.0,1.2
1.0,1.02
1.0,1.0
1.0,1.0
1.0,1.0
1.0,1.34
1.0,1.0
1.0,1.0
2.0,2.0
2.0,2.0
2.0,2.0
2.0,1.0
2.0,1.0
2.0,1.0
2.0,1.98
2.0,1.0
2.0,1.0
1.0,1.34
1.0,1.34
1.0,1.34
1.0,1.0
1.0,1.0
1.0,1.0
1.0,1.2
1.0,1.0
1.0,1.0
1.0,1.34
1.0,1.2
1.0,1.02
1.0,1.0
1.0,1.0
1.0,1.0
1.0,1.34
1.0,1.0
1.0,1.0
2.0,2.0
2.0,2.0
2.0,2.0
2.0,2.01
2.0,2.33
2.0,1.05
2.0,1.98
2.0,2.28
2.0,1.0
0.02,2.25
0.02,2.33
0.02,1.05
0.02,2.25
0.02,2.33
0.02,1.05
0.02,2.22
0.02,2.28
0.02,1.0
1.0,1.34
1.0,2.3
1.0,1.02
1.0,1.37
1.0,2.33
1.0,1.05
1.0,1.34
1.0,2.28
1.0,1.0
2.0,2.0
2.0,2.0
2.0,2.0
2.0,2.01
2.0,2.33
2.0,1.05
2.0,1.98
2.0,2.28
2.0,1.0
0.02,2.25
0.02,2.33
0.02,1.05
0.02,2.25
0.02,2.33
0.02,1.05
0.02,2.22
0.02,2.28
0.02,1.0
1.0,1.34
1.0,2.3
1.0,1.02
1.0,1.37
1.0,2.33
1.0,1.05
1.0,1.34
1.0,2.28
1.0,1.0
2.0,2.0
2.0,2.0
2.0,2.0
2.0,2.01
2.0,2.33
2.0,1.05
2.0,1.98
2.0,2.28
2.0,1.0
0.02,2.25
0.02,2.33
0.02,1.05
0.02,2.25
0.02,2.33
0.02,1.05
0.02,2.22
0.02,2.28
0.02,1.0
1.0,1.34
1.0,2.3
1.0,1.02
1.0,1.37
1.0,2.33
1.0,1.05
1.0,1.34
1.0,2.28
1.0,1.0
2.0,2.0
2.0,2.0
2.0,2.0
2.0,4.92
2.0,4.92
2.0,4.92
2.0,1.98
2.0,4.84
2.0,1.0
0.02,4.89
0.02,4.89
0.02,4.89
0.02,4.92
0.02,4.92
0.02,4.92
0.02,4.81
0.02,4.84
0.02,1.0
1.0,1.34
1.0,4.81
1.0,1.02
1.0,4.92
1.0,4.92
1.0,4.92
1.0,1.34
1.0,4.84
1.0,1.0
2.0,2.0
2.0,2.0
2.0,2.0
2.0,4.92
2.0,4.92
2.0,4.92
2.0,1.98
2.0,4.84
2.0,1.0
0.02,4.89
0.02,4.89
0.02,4.89
0.02,4.92
0.02,4.92
0.02,4.92
0.02,4.81
0.02,4.84
0.02,1.0
1.0,1.34
1.0,4.81
1.0,1.02
1.0,4.92
1.0,4.92
1.0,4.92
1.0,1.34
1.0,4.84
1.0,1.0
2.0,2.0
2.0,2.0
2.0,2.0
2.0,4.92
2.0,4.92
2.0,4.92
2.0,1.98
2.0,4.84
2.0,1.0
0.02,4.89
0.02,4.89
0.02,4.89
0.02,4.92
0.02,4.92
0.02,4.92
0.02,4.81
0.02,4.84
0.02,1.0
1.0,1.34
1.0,4.81
1.0,1.02
1.0,4.92
1.0,4.92
1.0,4.92
1.0,1.34
1.0,4.84
1.0,1.0
2.0,2.0
2.0,2.0
2.0,2.0
2.0,1.99
2.0,1.75
2.0,1.03
2.0,1.98
2.0,1.72
2.0,1.0
0.02,1.8
0.02,1.77
0.02,1.05
0.02,1.8
0.02,1.75
0.02,1.03
0.02,1.77
0.02,1.72
0.02,1.0
1.0,1.34
1.0,1.74
1.0,1.02
1.0,1.35
1.0,1.75
1.0,1.03
1.0,1.34
1.0,1.72
1.0,1.0
2.0,2.0
2.0,2.0
2.0,2.0
2.0,1.99
2.0,1.75
2.0,1.03
2.0,1.98
2.0,1.72
2.0,1.0
0.02,1.8
0.02,1.77
0.02,1.05
0.02,1.8
0.02,1.75
0.02,1.03
0.02,1.77
0.02,1.72
0.02,1.0
1.0,1.34
1.0,1.74
1.0,1.02
1.0,1.35
1.0,1.75
1.0,1.03
1.0,1.34
1.0,1.72
1.0,1.0
2.0,2.0
2.0,2.0
2.0,2.0
2.0,1.99
2.0,1.75
2.0,1.03
2.0,1.98
2.0,1.72
2.0,1.0
0.02,1.8
0.02,1.77
0.02,1.05
0.02,1.8
0.02,1.75
0.02,1.03
0.02,1.77
0.02,1.72
0.02,1.0
1.0,1.34
1.0,1.74
1.0,1.02
1.0,1.35
1.0,1.75
1.0,1.03
1.0,1.34
1.0,1.72
1.0,1.0
2.0,2.0
2.0,2.0
2.0,2.0
2.0,1.75
2.0,1.75
2.0,1.75
2.0,1.98
2.0,1.48
2.0,1.0
0.68,1.8
0.68,1.8
0.68,1.8
0.68,1.75
0.68,1.75
0.68,1.75
0.68,1.56
0.68,1.48
0.68,1.0
1.0,1.34
1.0,1.58
1.0,1.02
1.0,1.75
1.0,1.75
1.0,1.75
1.0,1.34
1.0,1.48
1.0,1.0
2.0,2.0
2.0,2.0
2.0,2.0
2.0,2.02
2.0,2.4
2.0,1.08
2.0,1.98
2.0,2.32
2.0,1.0
0.68,2.28
0.68,2.37
0.68,1.08
0.68,2.31
0.68,2.4
0.68,1.08
0.68,2.3
0.68,2.32
0.68,1.0
1.0,1.34
1.0,2.34
1.0,1.02
1.0,1.4
1.0,2.4
1.0,1.08
1.0,1.34
1.0,2.32
1.0,1.0
2.0,2.0
2.0,2.0
2.0,2.0
2.0,2.47
2.0,2.47
2.0,2.47
2.0,1.98
2.0,2.44
2.0,1.0
0.68,2.44
0.68,2.44
0.68,2.44
0.68,2.47
0.68,2.47
0.68,2.47
0.68,2.41
0.68,2.44
0.68,1.0
1.0,1.34
1.0,2.41
1.0,1.02
1.0,2.47
1.0,2.47
1.0,2.47
1.0,1.34
1.0,2.44
1.0,1.0
2.0,2.0
2.0,2.0
2.0,2.0
2.0,1.75
2.0,1.75
2.0,1.75
2.0,1.98
2.0,1.48
2.0,1.0
0.68,1.8
0.68,1.8
0.68,1.8
0.68,1.75
0.68,1.75
0.68,1.75
0.68,1.56
0.68,1.48
0.68,1.0
1.0,1.34
1.0,1.58
1.0,1.02
1.0,1.75
1.0,1.75
1.0,1.75
1.0,1.34
1.0,1.48
1.0,1.0
2.0,2.0
2.0,2.0
2.0,2.0
2.0,4.87
2.0,4.87
2.0,4.87
2.0,1.98
2.0,4.79
2.0,1.0
0.68,4.84
0.68,4.84
0.68,4.84
0.68,4.87
0.68,4.87
0.68,4.87
0.68,4.76
0.68,4.79
0.68,1.0
1.0,1.34
1.0,4.76
1.0,1.02
1.0,4.87
1.0,4.87
1.0,4.87
1.0,1.34
1.0,4.79
1.0,1.0
2.0,2.0
2.0,2.0
2.0,2.0
2.0,2.47
2.0,2.47
2.0,2.47
2.0,1.98
2.0,2.44
2.0,1.0
0.68,2.44
0.68,2.44
0.68,2.44
0.68,2.47
0.68,2.47
0.68,2.47
0.68,2.41
0.68,2.44
0.68,1.0
1.0,1.34
1.0,2.41
1.0,1.02
1.0,2.47
1.0,2.47
1.0,2.47
1.0,1.34
1.0,2.44
1.0,1.0
2.0,2.0
2.0,2.0
2.0,2.0
2.0,1.75
2.0,1.75
2.0,1.75
2.0,1.98
2.0,1.48
2.0,1.0
0.68,1.8
0.68,1.8
0.68,1.8
0.68,1.75
0.68,1.75
0.68,1.75
0.68,1.56
0.68,1.48
0.68,1.0
1.0,1.34
1.0,1.58
1.0,1.02
1.0,1.75
1.0,1.75
1.0,1.75
1.0,1.34
1.0,1.48
1.0,1.0
2.0,2.0
2.0,2.0
2.0,2.0
2.0,2.0
2.0,1.99
2.0,1.06
2.0,1.98
2.0,1.96
2.0,1.0
0.68,2.0
0.68,1.96
0.68,1.08
0.68,1.98
0.68,1.99
0.68,1.06
0.68,1.98
0.68,1.96
0.68,1.0
1.0,1.34
1.0,1.98
1.0,1.02
1.0,1.38
1.0,1.99
1.0,1.06
1.0,1.34
1.0,1.96
1.0,1.0
2.0,2.0
2.0,2.0
2.0,2.0
2.0,2.47
2.0,2.47
2.0,2.47
2.0,1.98
2.0,2.44
2.0,1.0
0.68,2.44
0.68,2.44
0.68,2.44
0.68,2.47
0.68,2.47
0.68,2.47
0.68,2.41
0.68,2.44
0.68,1.0
1.0,1.34
1.0,2.41
1.0,1.02
1.0,2.47
1.0,2.47
1.0,2.47
1.0,1.34
1.0,2.44
1.0,1.0
2.0,2.0
2.0,2.0
2.0,2.0
2.0,1.0
2.0,1.0
2.0,1.0
2.0,1.98
2.0,1.0
2.0,1.0
1.0,1.34
1.0,1.34
1.0,1.34
1.0,1.0
1.0,1.0
1.0,1.0
1.0,1.2
1.0,1.0
1.0,1.0
1.0,1.34
1.0,1.2
1.0,1.02
1.0,1.0
1.0,1.0
1.0,1.0
1.0,1.34
1.0,1.0
1.0,1.0
2.0,2.0
2.0,2.0
2.0,2.0
2.0,1.0
2.0,1.0
2.0,1.0
2.0,1.98
2.0,1.0
2.0,1.0
1.0,1.34
1.0,1.34
1.0,1.34
1.0,1.0
1.0,1.0
1.0,1.0
1.0,1.2
1.0,1.0
1.0,1.0
1.0,1.34
1.0,1.2
1.0,1.02
1.0,1.0
1.0,1.0
1.0,1.0
1.0,1.34
1.0,1.0
1.0,1.0
2.0,2.0
2.0,2.0
2.0,2.0
2.0,1.0
2.0,1.0
2.0,1.0
2.0,1.98
2.0,1.0
2.0,1.0
1.0,1.34
1.0,1.34
1.0,1.34
1.0,1.0
1.0,1.0
1.0,1.0
1.0,1.2
1.0,1.0
1.0,1.0
1.0,1.34
1.0,1.2
1.0,1.02
1.0,1.0
1.0,1.0
1.0,1.0
1.0,1.34
1.0,1.0
1.0,1.0
2.0,2.0
2.0,2.0
2.0,2.0
2.0,1.0
2.0,1.0
2.0,1.0
2.0,1.98
2.0,1.0
2.0,1.0
1.0,1.34
1.0,1.34
1.0,1.34
1.0,1.0
1.0,1.0
1.0,1.0
1.0,1.2
1.0,1.0
1.0,1.0
1.0,1.34
1.0,1.2
1.0,1.02
1.0,1.0
1.0,1.0
1.0,1.0
1.0,1.34
1.0,1.0
1.0,1.0
2.0,2.0
2.0,2.0
2.0,2.0
2.0,1.0
2.0,1.0
2.0,1.0
2.0,1.98
2.0,1.0
2.0,1.0
1.0,1.34
1.0,1.34
1.0,1.34
1.0,1.0
1.0,1.0
1.0,1.0
1.0,1.2
1.0,1.0
1.0,1.0
1.0,1.34
1.0,1.2
1.0,1.02
1.0,1.0
1.0,1.0
1.0,1.0
1.0,1.34
1.0,1.0
1.0,1.0
2.0,2.0
2.0,2.0
2.0,2.0
2.0,1.0
2.0,1.0
2.0,1.0
2.0,1.98
2.0,1.0
2.0,1.0
1.0,1.34
1.0,1.34
1.0,1.34
1.0,1.0
1.0,1.0
1.0,1.0
1.0,1.2
1.0,1.0
1.0,1.0
1.0,1.34
1.0,1.2
1.0,1.02
1.0,1.0
1.0,1.0
1.0,1.0
1.0,1.34
1.0,1.0
1.0,1.0
2.0,2.0
2.0,2.0
2.0,2.0
2.0,1.0
2.0,1.0
2.0,1.0
2.0,1.98
2.0,1.0
2.0,1.0
1.0,1.34
1.0,1.34
1.0,1.34
1.0,1.0
1.0,1.0
1.0,1.0
1.0,1.2
1.0,1.0
1.0,1.0
1.0,1.34
1.0,1.2
1.0,1.02
1.0,1.0
1.0,1.0
1.0,1.0
1.0,1.34
1.0,1.0
1.0,1.0
2.0,2.0
2.0,2.0
2.0,2.0
2.0,1.0
2.0,1.0
2.0,1.0
2.0,1.98
2.0,1.0
2.0,1.0
1.0,1.34
1.0,1.34
1.0,1.34
1.0,1.0
1.0,1.0
1.0,1.0
1.0,1.2
1.0,1.0
1.0,1.0
1.0,1.34
1.0,1.2
1.0,1.02
1.0,1.0
1.0,1.0
1.0,1.0
1.0,1.34
1.0,1.0
1.0,1.0
2.0,2.0
2.0,2.0
2.0,2.0
2.0,1.0
2.0,1.0
2.0,1.0
2.0,1.98
2.0,1.0
2.0,1.0
1.0,1.34
1.0,1.34
1.0,1.34
1.0,1.0
1.0,1.0
1.0,1.0
1.0,1.2
1.0,1.0
1.0,1.0
1.0,1.34
1.0,1.2
1.0,1.02
1.0,1.0
1.0,1.0
1.0,1.0
1.0,1.34
1.0,1.0
1.0,1.0
2.0,2.0
2.0,2.0
2.0,2.0
2.0,2.01
2.0,2.33
2.0,1.05
2.0,1.98
2.0,2.28
2.0,1.0
0.02,2.25
0.02,2.33
0.02,1.05
0.02,2.25
0.02,2.33
0.02,1.05
0.02,2.22
0.02,2.28
0.02,1.0
1.0,1.34
1.0,2.3
1.0,1.02
1.0,1.37
1.0,2.33
1.0,1.05
1.0,1.34
1.0,2.28
1.0,1.0
2.0,2.0
2.0,2.0
2.0,2.0
2.0,2.01
2.0,2.33
2.0,1.05
2.0,1.98
2.0,2.28
2.0,1.0
0.02,2.25
0.02,2.33
0.02,1.05
0.02,2.25
0.02,2.33
0.02,1.05
0.02,2.22
0.02,2.28
0.02,1.0
1.0,1.34
1.0,2.3
1.0,1.02
1.0,1.37
1.0,2.33
1.0,1.05
1.0,1.34
1.0,2.28
1.0,1.0
2.0,2.0
2.0,2.0
2.0,2.0
2.0,2.01
2.0,2.33
2.0,1.05
2.0,1.98
2.0,2.28
2.0,1.0
0.02,2.25
0.02,2.33
0.02,1.05
0.02,2.25
0.02,2.33
0.02,1.05
0.02,2.22
0.02,2.28
0.02,1.0
1.0,1.34
1.0,2.3
1.0,1.02
1.0,1.37
1.0,2.33
1.0,1.05
1.0,1.34
1.0,2.28
1.0,1.0
2.0,2.0
2.0,2.0
2.0,2.0
2.0,4.92
2.0,4.92
2.0,4.92
2.0,1.98
2.0,4.84
2.0,1.0
0.02,4.89
0.02,4.89
0.02,4.89
0.02,4.92
0.02,4.92
0.02,4.92
0.02,4.81
0.02,4.84
0.02,1.0
1.0,1.34
1.0,4.81
1.0,1.02
1.0,4.92
1.0,4.92
1.0,4.92
1.0,1.34
1.0,4.84
1.0,1.0
2.0,2.0
2.0,2.0
2.0,2.0
2.0,4.92
2.0,4.92
2.0,4.92
2.0,1.98
2.0,4.84
2.0,1.0
0.02,4.89
0.02,4.89
0.02,4.89
0.02,4.92
0.02,4.92
0.02,4.92
0.02,4.81
0.02,4.84
0.02,1.0
1.0,1.34
1.0,4.81
1.0,1.02
1.0,4.92
1.0,4.92
1.0,4.92
1.0,1.34
1.0,4.84
1.0,1.0
2.0,2.0
2.0,2.0
2.0,2.0
2.0,4.92
2.0,4.92
2.0,4.92
2.0,1.98
2.0,4.84
2.0,1.0
0.02,4.89
0.02,4.89
0.02,4.89
0.02,4.92
0.02,4.92
0.02,4.92
0.02,4.81
0.02,4.84
0.02,1.0
1.0,1.34
1.0,4.81
1.0,1.02
1.0,4.92
1.0,4.92
1.0,4.92
1.0,1.34
1.0,4.84
1.0,1.0
2.0,2.0
2.0,2.0
2.0,2.0
2.0,1.99
2.0,1.75
2.0,1.03
2.0,1.98
2.0,1.72
2.0,1.0
0.02,1.8
0.02,1.77
0.02,1.05
0.02,1.8
0.02,1.75
0.02,1.03
0.02,1.77
0.02,1.72
0.02,1.0
1.0,1.34
1.0,1.74
1.0,1.02
1.0,1.35
1.0,1.75
1.0,1.03
1.0,1.34
1.0,1.72
1.0,1.0
2.0,2.0
2.0,2.0
2.0,2.0
2.0,1.99
2.0,1.75
2.0,1.03
2.0,1.98
2.0,1.72
2.0,1.0
0.02,1.8
0.02,1.77
0.02,1.05
0.02,1.8
0.02,1.75
0.02,1.03
0.02,1.77
0.02,1.72
0.02,1.0
1.0,1.34
1.0,1.74
1.0,1.02
1.0,1.35
1.0,1.75
1.0,1.03
1.0,1.34
1.0,1.72
1.0,1.0
2.0,2.0
2.0,2.0
2.0,2.0
2.0,1.99
2.0,1.75
2.0,1.03
2.0,1.98
2.0,1.72
2.0,1.0
0.02,1.8
0.02,1.77
0.02,1.05
0.02,1.8
0.02,1.75
0.02,1.03
0.02,1.77
0.02,1.72
0.02,1.0
1.0,1.34
1.0,1.74
1.0,1.02
1.0,1.35
1.0,1.75
1.0,1.03
1.0,1.34
1.0,1.72
1.0,1.0
2.0,2.0
2.0,2.0
2.0,2.0
2.0,1.75
2.0,1.75
2.0,1.75
2.0,1.98
2.0,1.48
2.0,1.0
0.68,1.8
0.68,1.8
0.68,1.8
0.68,1.75
0.68,1.75
0.68,1.75
0.68,1.56
0.68,1.48
0.68,1.0
1.0,1.34
1.0,1.58
1.0,1.02
1.0,1.75
1.0,1.75
1.0,1.75
1.0,1.34
1.0,1.48
1.0,1.0
2.0,2.0
2.0,2.0
2.0,2.0
2.0,2.02
2.0,2.4
2.0,1.08
2.0,1.98
2.0,2.32
2.0,1.0
0.68,2.28
0.68,2.37
0.68,1.08
0.68,2.31
0.68,2.4
0.68,1.08
0.68,2.3
0.68,2.32
0.68,1.0
1.0,1.34
1.0,2.34
1.0,1.02
1.0,1.4
1.0,2.4
1.0,1.08
1.0,1.34
1.0,2.32
1.0,1.0
2.0,2.0
2.0,2.0
2.0,2.0
2.0,2.47
2.0,2.47
2.0,2.47
2.0,1.98
2.0,2.44
2.0,1.0
0.68,2.44
0.68,2.44
0.68,2.44
0.68,2.47
0.68,2.47
0.68,2.47
0.68,2.41
0.68,2.44
0.68,1.0
1.0,1.34
1.0,2.41
1.0,1.02
1.0,2.47
1.0,2.47
1.0,2.47
1.0,1.34
1.0,2.44
1.0,1.0
2.0,2.0
2.0,2.0
2.0,2.0
2.0,1.75
2.0,1.75
2.0,1.75
2.0,1.98
2.0,1.48
2.0,1.0
0.68,1.8
0.68,1.8
0.68,1.8
0.68,1.75
0.68,1.75
0.68,1.75
0.68,1.56
0.68,1.48
0.68,1.0
1.0,1.34
1.0,1.58
1.0,1.02
1.0,1.75
1.0,1.75
1.0,1.75
1.0,1.34
1.0,1.48
1.0,1.0
2.0,2.0
2.0,2.0
2.0,2.0
2.0,4.87
2.0,4.87
2.0,4.87
2.0,1.98
2.0,4.79
2.0,1.0
0.68,4.84
0.68,4.84
0.68,4.84
0.68,4.87
0.68,4.87
0.68,4.87
0.68,4.76
0.68,4.79
0.68,1.0
1.0,1.34
1.0,4.76
1.0,1.02
1.0,4.87
1.0,4.87
1.0,4.87
1.0,1.34
1.0,4.79
1.0,1.0
2.0,2.0
2.0,2.0
2.0,2.0
2.0,2.47
2.0,2.47
2.0,2.47
2.0,1.98
2.0,2.44
2.0,1.0
0.68,2.44
0.68,2.44
0.68,2.44
0.68,2.47
0.68,2.47
0.68,2.47
0.68,2.41
0.68,2.44
0.68,1.0
1.0,1.34
1.0,2.41
1.0,1.02
1.0,2.47
1.0,2.47
1.0,2.47
1.0,1.34
1.0,2.44
1.0,1.0
2.0,2.0
2.0,2.0
2.0,2.0
2.0,1.75
2.0,1.75
2.0,1.75
2.0,1.98
2.0,1.48
2.0,1.0
0.68,1.8
0.68,1.8
0.68,1.8
0.68,1.75
0.68,1.75
0.68,1.75
0.68,1.56
0.68,1.48
0.68,1.0
1.0,1.34
1.0,1.58
1.0,1.02
1.0,1.75
1.0,1.75
1.0,1.75
1.0,1.34
1.0,1.48
1.0,1.0
2.0,2.0
2.0,2.0
2.0,2.0
2.0,2.0
2.0,1.99
2.0,1.06
2.0,1.98
2.0,1.96
2.0,1.0
0.68,2.0
0.68,1.96
0.68,1.08
0.68,1.98
0.68,1.99
0.68,1.06
0.68,1.98
0.68,1.96
0.68,1.0
1.0,1.34
1.0,1.98
1.0,1.02
1.0,1.38
1.0,1.99
1.0,1.06
1.0,1.34
1.0,1.96
1.0,1.0
2.0,2.0
2.0,2.0
2.0,2.0
2.0,2.47
2.0,2.47
2.0,2.47
2.0,1.98
2.0,2.44
2.0,1.0
0.68,2.44
0.68,2.44
0.68,2.44
0.68,2.47
0.68,2.47
0.68,2.47
0.68,2.41
0.68,2.44
0.68,1.0
1.0,1.34
1.0,2.41
1.0,1.02
1.0,2.47
1.0,2.47
1.0,2.47
1.0,1.34
1.0,2.44
1.0,1.0
2.0,2.0
2.0,2.0
2.0,2.0
2.0,1.0
2.0,1.0
2.0,1.0
2.0,1.98
2.0,1.0
2.0,1.0
1.0,1.34
1.0,1.34
1.0,1.34
1.0,1.0
1.0,1.0
1.0,1.0
1.0,1.2
1.0,1.0
1.0,1.0
1.0,1.34
1.0,1.2
1.0,1.02
1.0,1.0
1.0,1.0
1.0,1.0
1.0,1.34
1.0,1.0
1.0,1.0
2.0,2.0
2.0,2.0
2.0,2.0
2.0,1.0
2.0,1.0
2.0,1.0
2.0,1.98
2.0,1.0
2.0,1.0
1.0,1.34
1.0,1.34
1.0,1.34
1.0,1.0
1.0,1.0
1.0,1.0
1.0,1.2
1.0,1.0
1.0,1.0
1.0,1.34
1.0,1.2
1.0,1.02
1.0,1.0
1.0,1.0
1.0,1.0
1.0,1.34
1.0,1.0
1.0,1.0
2.0,2.0
2.0,2.0
2.0,2.0
2.0,1.0
2.0,1.0
2.0,1.0
2.0,1.98
2.0,1.0
2.0,1.0
1.0,1.34
1.0,1.34
1.0,1.34
1.0,1.0
1.0,1.0
1.0,1.0
1.0,1.2
1.0,1.0
1.0,1.0
1.0,1.34
1.0,1.2
1.0,1.02
1.0,1.0
1.0,1.0
1.0,1.0
1.0,1.34
1.0,1.0
1.0,1.0
2.0,2.0
2.0,2.0
2.0,2.0
2.0,1.0
2.0,1.0
2.0,1.0
2.0,1.98
2.0,1.0
2.0,1.0
1.0,1.34
1.0,1.34
1.0,1.34
1.0,1.0
1.0,1.0
1.0,1.0
1.0,1.2
1.0,1.0
1.0,1.0
1.0,1.34
1.0,1.2
1.0,1.02
1.0,1.0
1.0,1.0
1.0,1.0
1.0,1.34
1.0,1.0
1.0,1.0
2.0,2.0
2.0,2.0
2.0,2.0
2.0,1.0
2.0,1.0
2.0,1.0
2.0,1.98
2.0,1.0
2.0,1.0
1.0,1.34
1.0,1.34
1.0,1.34
1.0,1.0
1.0,1.0
1.0,1.0
1.0,1.2
1.0,1.0
1.0,1.0
1.0,1.34
1.0,1.2
1.0,1.02
1.0,1.0
1.0,1.0
1.0,1.0
1.0,1.34
1.0,1.0
1.0,1.0
2.0,2.0
2.0,2.0
2.0,2.0
2.0,1.0
2.0,1.0
2.0,1.0
2.0,1.98
2.0,1.0
2.0,1.0
1.0,1.34
1.0,1.34
1.0,1.34
1.0,1.0
1.0,1.0
1.0,1.0
1.0,1.2
1.0,1.0
1.0,1.0
1.0,1.34
1.0,1.2
1.0,1.02
1.0,1.0
1.0,1.0
1.0,1.0
1.0,1.34
1.0,1.0
1.0,1.0
2.0,2.0
2.0,2.0
2.0,2.0
2.0,1.0
2.0,1.0
2.0,1.0
2.0,1.98
2.0,1.0
2.0,1.0
1.0,1.34
1.0,1.34
1.0,1.34
1.0,1.0
1.0,1.0
1.0,1.0
1.0,1.2
1.0,1.0
1.0,1.0
1.0,1.34
1.0,1.2
1.0,1.02
1.0,1.0
1.0,1.0
1.0,1.0
1.0,1.34
1.0,1.0
1.0,1.0
2.0,2.0
2.0,2.0
2.0,2.0
2.0,1.0
2.0,1.0
2.0,1.0
2.0,1.98
2.0,1.0
2.0,1.0
1.0,1.34
1.0,1.34
1.0,1.34
1.0,1.0
1.0,1.0
1.0,1.0
1.0,1.2
1.0,1.0
1.0,1.0
1.0,1.34
1.0,1.2
1.0,1.02
1.0,1.0
1.0,1.0
1.0,1.0
1.0,1.34
1.0,1.0
1.0,1.0
2.0,2.0
2.0,2.0
2.0,2.0
2.0,1.0
2.0,1.0
2.0,1.0
2.0,1.98
2.0,1.0
2.0,1.0
1.0,1.34
1.0,1.34
1.0,1.34
1.0,1.0
1.0,1.0
1.0,1.0
1.0,1.2
1.0,1.0
1.0,1.0
1.0,1.34
1.0,1.2
1.0,1.02
1.0,1.0
1.0,1.0
1.0,1.0
1.0,1.34
1.0,1.0
1.0,1.0
2.0,2.0
2.0,2.0
2.0,2.0
2.0,2.01
2.0,2.33
2.0,1.05
2.0,1.98
2.0,2.28
2.0,1.0
0.02,2.25
0.02,2.33
0.02,1.05
0.02,2.25
0.02,2.33
0.02,1.05
0.02,2.22
0.02,2.28
0.02,1.0
1.0,1.34
1.0,2.3
1.0,1.02
1.0,1.37
1.0,2.33
1.0,1.05
1.0,1.34
1.0,2.28
1.0,1.0
2.0,2.0
2.0,2.0
2.0,2.0
2.0,2.01
2.0,2.33
2.0,1.05
2.0,1.98
2.0,2.28
2.0,1.0
0.02,2.25
0.02,2.33
0.02,1.05
0.02,2.25
0.02,2.33
0.02,1.05
0.02,2.22
0.02,2.28
0.02,1.0
1.0,1.34
1.0,2.3
1.0,1.02
1.0,1.37
1.0,2.33
1.0,1.05
1.0,1.34
1.0,2.28
1.0,1.0
2.0,2.0
2.0,2.0
2.0,2.0
2.0,2.01
2.0,2.33
2.0,1.05
2.0,1.98
2.0,2.28
2.0,1.0
0.02,2.25
0.02,2.33
0.02,1.05
0.02,2.25
0.02,2.33
0.02,1.05
0.02,2.22
0.02,2.28
0.02,1.0
1.0,1.34
1.0,2.3
1.0,1.02
1.0,1.37
1.0,2.33
1.0,1.05
1.0,1.34
1.0,2.28
1.0,1.0
2.0,2.0
2.0,2.0
2.0,2.0
2.0,4.92
2.0,4.92
2.0,4.92
2.0,1.98
2.0,4.84
2.0,1.0
0.02,4.89
0.02,4.89
0.02,4.89
0.02,4.92
0.02,4.92
0.02,4.92
0.02,4.81
0.02,4.84
0.02,1.0
1.0,1.34
1.0,4.81
1.0,1.02
1.0,4.92
1.0,4.92
1.0,4.92
1.0,1.34
1.0,4.84
1.0,1.0
2.0,2.0
2.0,2.0
2.0,2.0
2.0,4.92
2.0,4.92
2.0,4.92
2.0,1.98
2.0,4.84
2.0,1.0
0.02,4.89
0.02,4.89
0.02,4.89
0.02,4.92
0.02,4.92
0.02,4.92
0.02,4.81
0.02,4.84
0.02,1.0
1.0,1.34
1.0,4.81
1.0,1.02
1.0,4.92
1.0,4.92
1.0,4.92
1.0,1.34
1.0,4.84
1.0,1.0
2.0,2.0
2.0,2.0
2.0,2.0
2.0,4.92
2.0,4.92
2.0,4.92
2.0,1.98
2.0,4.84
2.0,1.0
0.02,4.89
0.02,4.89
0.02,4.89
0.02,4.92
0.02,4.92
0.02,4.92
0.02,4.81
0.02,4.84
0.02,1.0
1.0,1.34
1.0,4.81
1.0,1.02
1.0,4.92
1.0,4.92
1.0,4.92
1.0,1.34
1.0,4.84
1.0,1.0
2.0,2.0
2.0,2.0
2.0,2.0
2.0,1.99
2.0,1.75
2.0,1.03
2.0,1.98
2.0,1.72
2.0,1.0
0.02,1.8
0.02,1.77
0.02,1.05
0.02,1.8
0.02,1.75
0.02,1.03
0.02,1.77
0.02,1.72
0.02,1.0
1.0,1.34
1.0,1.74
1.0,1.02
1.0,1.35
1.0,1.75
1.0,1.03
1.0,1.34
1.0,1.72
1.0,1.0
2.0,2.0
2.0,2.0
2.0,2.0
2.0,1.99
2.0,1.75
2.0,1.03
2.0,1.98
2.0,1.72
2.0,1.0
0.02,1.8
0.02,1.77
0.02,1.05
0.02,1.8
0.02,1.75
0.02,1.03
0.02,1.77
0.02,1.72
0.02,1.0
1.0,1.34
1.0,1.74
1.0,1.02
1.0,1.35
1.0,1.75
1.0,1.03
1.0,1.34
1.0,1.72
1.0,1.0
2.0,2.0
2.0,2.0
2.0,2.0
2.0,1.99
2.0,1.75
2.0,1.03
2.0,1.98
2.0,1.72
2.0,1.0
0.02,1.8
0.02,1.77
0.02,1.05
0.02,1.8
0.02,1.75
0.02,1.03
0.02,1.77
0.02,1.72
0.02,1.0
1.0,1.34
1.0,1.74
1.0,1.02
1.0,1.35
1.0,1.75
1.0,1.03
1.0,1.34
1.0,1.72
1.0,1.0
2.0,2.0
2.0,2.0
2.0,2.0
2.0,1.75
2.0,1.75
2.0,1.75
2.0,1.98
2.0,1.48
2.0,1.0
0.68,1.8
0.68,1.8
0.68,1.8
0.68,1.75
0.68,1.75
0.68,1.75
0.68,1.56
0.68,1.48
0.68,1.0
1.0,1.34
1.0,1.58
1.0,1.02
1.0,1.75
1.0,1.75
1.0,1.75
1.0,1.34
1.0,1.48
1.0,1.0
2.0,2.0
2.0,2.0
2.0,2.0
2.0,2.02
2.0,2.4
2.0,1.08
2.0,1.98
2.0,2.32
2.0,1.0
0.68,2.28
0.68,2.37
0.68,1.08
0.68,2.31
0.68,2.4
0.68,1.08
0.68,2.3
0.68,2.32
0.68,1.0
1.0,1.34
1.0,2.34
1.0,1.02
1.0,1.4
1.0,2.4
1.0,1.08
1.0,1.34
1.0,2.32
1.0,1.0
2.0,2.0
2.0,2.0
2.0,2.0
2.0,2.47
2.0,2.47
2.0,2.47
2.0,1.98
2.0,2.44
2.0,1.0
0.68,2.44
0.68,2.44
0.68,2.44
0.68,2.47
0.68,2.47
0.68,2.47
0.68,2.41
0.68,2.44
0.68,1.0
1.0,1.34
1.0,2.41
1.0,1.02
1.0,2.47
1.0,2.47
1.0,2.47
1.0,1.34
1.0,2.44
1.0,1.0
2.0,2.0
2.0,2.0
2.0,2.0
2.0,1.75
2.0,1.75
2.0,1.75
2.0,1.98
2.0,1.48
2.0,1.0
0.68,1.8
0.68,1.8
0.68,1.8
0.68,1.75
0.68,1.75
0.68,1.75
0.68,1.56
0.68,1.48
0.68,1.0
1.0,1.34
1.0,1.58
1.0,1.02
1.0,1.75
1.0,1.75
1.0,1.75
1.0,1.34
1.0,1.48
1.0,1.0
2.0,2.0
2.0,2.0
2.0,2.0
2.0,4.87
2.0,4.87
2.0,4.87
2.0,1.98
2.0,4.79
2.0,1.0
0.68,4.84
0.68,4.84
0.68,4.84
0.68,4.87
0.68,4.87
0.68,4.87
0.68,4.76
0.68,4.79
0.68,1.0
1.0,1.34
1.0,4.76
1.0,1.02
1.0,4.87
1.0,4.87
1.0,4.87
1.0,1.34
1.0,4.79
1.0,1.0
2.0,2.0
2.0,2.0
2.0,2.0
2.0,2.47
2.0,2.47
2.0,2.47
2.0,1.98
2.0,2.44
2.0,1.0
0.68,2.44
0.68,2.44
0.68,2.44
0.68,2.47
0.68,2.47
0.68,2.47
0.68,2.41
0.68,2.44
0.68,1.0
1.0,1.34
1.0,2.41
1.0,1.02
1.0,2.47
1.0,2.47
1.0,2.47
1.0,1.34
1.0,2.44
1.0,1.0
2.0,2.0
2.0,2.0
2.0,2.0
2.0,1.75
2.0,1.75
2.0,1.75
2.0,1.98
2.0,1.48
2.0,1.0
0.68,1.8
0.68,1.8
0.68,1.8
0.68,1.75
0.68,1.75
0.68,1.75
0.68,1.56
0.68,1.48
0.68,1.0
1.0,1.34
1.0,1.58
1.0,1.02
1.0,1.75
1.0,1.75
1.0,1.75
1.0,1.34
1.0,1.48
1.0,1.0
2.0,2.0
2.0,2.0
2.0,2.0
2.0,2.0
2.0,1.99
2.0,1.06
2.0,1.98
2.0,1.96
2.0,1.0
0.68,2.0
0.68,1.96
0.68,1.08
0.68,1.98
0.68,1.99
0.68,1.06
0.68,1.98
0.68,1.96
0.68,1.0
1.0,1.34
1.0,1.98
1.0,1.02
1.0,1.38
1.0,1.99
1.0,1.06
1.0,1.34
1.0,1.96
1.0,1.0
2.0,2.0
2.0,2.0
2.0,2.0
2.0,2.47
2.0,2.47
2.0,2.47
2.0,1.98
2.0,2.44
2.0,1.0
0.68,2.44
0.68,2.44
0.68,2.44
0.68,2.47
0.68,2.47
0.68,2.47
0.68,2.41
0.68,2.44
0.68,1.0
1.0,1.34
1.0,2.41
1.0,1.02
1.0,2.47
1.0,2.47
1.0,2.47
1.0,1.34
1.0,2.44
1.0,1.0
2.0,2.0
2.0,2.0
2.0,2.0
2.0,1.0
2.0,1.0
2.0,1.0
2.0,1.98
2.0,1.0
2.0,1.0
1.0,1.34
1.0,1.34
1.0,1.34
1.0,1.0
1.0,1.0
1.0,1.0
1.0,1.2
1.0,1.0
1.0,1.0
1.0,1.34
1.0,1.2
1.0,1.02
1.0,1.0
1.0,1.0
1.0,1.0
1.0,1.34
1.0,1.0
1.0,1.0
2.0,2.0
2.0,2.0
2.0,2.0
2.0,1.0
2.0,1.0
2.0,1.0
2.0,1.98
2.0,1.0
2.0,1.0
1.0,1.34
1.0,1.34
1.0,1.34
1.0,1.0
1.0,1.0
1.0,1.0
1.0,1.2
1.0,1.0
1.0,1.0
1.0,1.34
1.0,1.2
1.0,1.02
1.0,1.0
1.0,1.0
1.0,1.0
1.0,1.34
1.0,1.0
1.0,1.0
2.0,2.0
2.0,2.0
2.0,2.0
2.0,1.0
2.0,1.0
2.0,1.0
2.0,1.98
2.0,1.0
2.0,1.0
1.0,1.34
1.0,1.34
1.0,1.34
1.0,1.0
1.0,1.0
1.0,1.0
1.0,1.2
1.0,1.0
1.0,1.0
1.0,1.34
1.0,1.2
1.0,1.02
1.0,1.0
1.0,1.0
1.0,1.0
1.0,1.34
1.0,1.0
1.0,1.0
2.0,2.0
2.0,2.0
2.0,2.0
2.0,1.0
2.0,1.0
2.0,1.0
2.0,1.98
2.0,1.0
2.0,1.0
1.0,1.34
1.0,1.34
1.0,1.34
1.0,1.0
1.0,1.0
1.0,1.0
1.0,1.2
1.0,1.0
1.0,1.0
1.0,1.34
1.0,1.2
1.0,1.02
1.0,1.0
1.0,1.0
1.0,1.0
1.0,1.34
1.0,1.0
1.0,1.0
2.0,2.0
2.0,2.0
2.0,2.0
2.0,1.0
2.0,1.0
2.0,1.0
2.0,1.98
2.0,1.0
2.0,1.0
1.0,1.34
1.0,1.34
1.0,1.34
1.0,1.0
1.0,1.0
1.0,1.0
1.0,1.2
1.0,1.0
1.0,1.0
1.0,1.34
1.0,1.2
1.0,1.02
1.0,1.0
1.0,1.0
1.0,1.0
1.0,1.34
1.0,1.0
1.0,1.0
2.0,2.0
2.0,2.0
2.0,2.0
2.0,1.0
2.0,1.0
2.0,1.0
2.0,1.98
2.0,1.0
2.0,1.0
1.0,1.34
1.0,1.34
1.0,1.34
1.0,1.0
1.0,1.0
1.0,1.0
1.0,1.2
1.0,1.0
1.0,1.0
1.0,1.34
1.0,1.2
1.0,1.02
1.0,1.0
1.0,1.0
1.0,1.0
1.0,1.34
1.0,1.0
1.0,1.0
2.0,2.0
2.0,2.0
2.0,2.0
2.0,1.0
2.0,1.0
2.0,1.0
2.0,1.98
2.0,1.0
2.0,1.0
1.0,1.34
1.0,1.34
1.0,1.34
1.0,1.0
1.0,1.0
1.0,1.0
1.0,1.2
1.0,1.0
1.0,1.0
1.0,1.34
1.0,1.2
1.0,1.02
1.0,1.0
1.0,1.0
1.0,1.0
1.0,1.34
1.0,1.0
1.0,1.0
2.0,2.0
2.0,2.0
2.0,2.0
2.0,1.0
2.0,1.0
2.0,1.0
2.0,1.98
2.0,1.0
2.0,1.0
1.0,1.34
1.0,1.34
1.0,1.34
1.0,1.0
1.0,1.0
1.0,1.0
1.0,1.2
1.0,1.0
1.0,1.0
1.0,1.34
1.0,1.2
1.0,1.02
1.0,1.0
1.0,1.0
1.0,1.0
1.0,1.34
1.0,1.0
1.0,1.0
2.0,2.0
2.0,2.0
2.0,2.0
2.0,1.0
2.0,1.0
2.0,1.0
2.0,1.98
2.0,1.0
2.0,1.0
1.0,1.34
1.0,1.34
1.0,1.34
1.0,1.0
1.0,1.0
1.0,1.0
1.0,1.2
1.0,1.0
1.0,1.0
1.0,1.34
1.0,1.2
1.0,1.02
1.0,1.0
1.0,1.0
1.0,1.0
1.0,1.34
1.0,1.0
1.0,1.0
2.0,2.0
2.0,2.0
2.0,2.0
2.0,2.01
2.0,2.33
2.0,1.05
2.0,1.98
2.0,2.28
2.0,1.0
0.02,2.25
0.02,2.33
0.02,1.05
0.02,2.25
0.02,2.33
0.02,1.05
0.02,2.22
0.02,2.28
0.02,1.0
1.0,1.34
1.0,2.3
1.0,1.02
1.0,1.37
1.0,2.33
1.0,1.05
1.0,1.34
1.0,2.28
1.0,1.0
2.0,2.0
2.0,2.0
2.0,2.0
2.0,2.01
2.0,2.33
2.0,1.05
2.0,1.98
2.0,2.28
2.0,1.0
0.02,2.25
0.02,2.33
0.02,1.05
0.02,2.25
0.02,2.33
0.02,1.05
0.02,2.22
0.02,2.28
0.02,1.0
1.0,1.34
1.0,2.3
1.0,1.02
1.0,1.37
1.0,2.33
1.0,1.05
1.0,1.34
1.0,2.28
1.0,1.0
2.0,2.0
2.0,2.0
2.0,2.0
2.0,2.01
2.0,2.33
2.0,1.05
2.0,1.98
2.0,2.28
2.0,1.0
0.02,2.25
0.02,2.33
0.02,1.05
0.02,2.25
0.02,2.33
0.02,1.05
0.02,2.22
0.02,2.28
0.02,1.0
1.0,1.34
1.0,2.3
1.0,1.02
1.0,1.37
1.0,2.33
1.0,1.05
1.0,1.34
1.0,2.28
1.0,1.0
2.0,2.0
2.0,2.0
2.0,2.0
2.0,4.92
2.0,4.92
2.0,4.92
2.0,1.98
2.0,4.84
2.0,1.0
0.02,4.89
0.02,4.89
0.02,4.89
0.02,4.92
0.02,4.92
0.02,4.92
0.02,4.81
0.02,4.84
0.02,1.0
1.0,1.34
1.0,4.81
1.0,1.02
1.0,4.92
1.0,4.92
1.0,4.92
1.0,1.34
1.0,4.84
1.0,1.0
2.0,2.0
2.0,2.0
2.0,2.0
2.0,4.92
2.0,4.92
2.0,4.92
2.0,1.98
2.0,4.84
2.0,1.0
0.02,4.89
0.02,4.89
0.02,4.89
0.02,4.92
0.02,4.92
0.02,4.92
0.02,4.81
0.02,4.84
0.02,1.0
1.0,1.34
1.0,4.81
1.0,1.02
1.0,4.92
1.0,4.92
1.0,4.92
1.0,1.34
1.0,4.84
1.0,1.0
2.0,2.0
2.0,2.0
2.0,2.0
2.0,4.92
2.0,4.92
2.0,4.92
2.0,1.98
2.0,4.84
2.0,1.0
0.02,4.89
0.02,4.89
0.02,4.89
0.02,4.92
0.02,4.92
0.02,4.92
0.02,4.81
0.02,4.84
0.02,1.0
1.0,1.34
1.0,4.81
1.0,1.02
1.0,4.92
1.0,4.92
1.0,4.92
1.0,1.34
1.0,4.84
1.0,1.0
2.0,2.0
2.0,2.0
2.0,2.0
2.0,1.99
2.0,1.75
2.0,1.03
2.0,1.98
2.0,1.72
2.0,1.0
0.02,1.8
0.02,1.77
0.02,1.05
0.02,1.8
0.02,1.75
0.02,1.03
0.02,1.77
0.02,1.72
0.02,1.0
1.0,1.34
1.0,1.74
1.0,1.02
1.0,1.35
1.0,1.75
1.0,1.03
1.0,1.34
1.0,1.72
1.0,1.0
2.0,2.0
2.0,2.0
2.0,2.0
2.0,1.99
2.0,1.75
2.0,1.03
2.0,1.98
2.0,1.72
2.0,1.0
0.02,1.8
0.02,1.77
0.02,1.05
0.02,1.8
0.02,1.75
0.02,1.03
0.02,1.77
0.02,1.72
0.02,1.0
1.0,1.34
1.0,1.74
1.0,1.02
1.0,1.35
1.0,1.75
1.0,1.03
1.0,1.34
1.0,1.72
1.0,1.0
2.0,2.0
2.0,2.0
2.0,2.0
2.0,1.99
2.0,1.75
2.0,1.03
2.0,1.98
2.0,1.72
2.0,1.0
0.02,1.8
0.02,1.77
0.02,1.05
0.02,1.8
0.02,1.75
0.02,1.03
0.02,1.77
0.02,1.72
0.02,1.0
1.0,1.34
1.0,1.74
1.0,1.02
1.0,1.35
1.0,1.75
1.0,1.03
1.0,1.34
1.0,1.72
1.0,1.0
2.0,2.0
2.0,2.0
2.0,2.0
2.0,2.02
2.0,2.5
2.0,1.06
2.0,1.98
2.0,2.44
2.0,1.0
0.68,2.4
0.68,2.44
0.68,1.08
0.68,2.4
0.68,2.5
0.68,1.06
0.68,2.34
0.68,2.44
0.68,1.0
1.0,1.34
1.0,2.46
1.0,1.02
1.0,1.38
1.0,2.5
1.0,1.06
1.0,1.34
1.0,2.44
1.0,1.0
2.0,2.0
2.0,2.0
2.0,2.0
2.0,2.02
2.0,2.5
2.0,1.06
2.0,1.98
2.0,2.44
2.0,1.0
0.68,2.4
0.68,2.44
0.68,1.08
0.68,2.4
0.68,2.5
0.68,1.06
0.68,2.34
0.68,2.44
0.68,1.0
1.0,1.34
1.0,2.46
1.0,1.02
1.0,1.38
1.0,2.5
1.0,1.06
1.0,1.34
1.0,2.44
1.0,1.0
2.0,2.0
2.0,2.0
2.0,2.0
2.0,2.02
2.0,2.5
2.0,1.06
2.0,1.98
2.0,2.44
2.0,1.0
0.68,2.4
0.68,2.44
0.68,1.08
0.68,2.4
0.68,2.5
0.68,1.06
0.68,2.34
0.68,2.44
0.68,1.0
1.0,1.34
1.0,2.46
1.0,1.02
1.0,1.38
1.0,2.5
1.0,1.06
1.0,1.34
1.0,2.44
1.0,1.0
2.0,2.0
2.0,2.0
2.0,2.0
2.0,2.02
2.0,2.5
2.0,1.06
2.0,1.98
2.0,2.44
2.0,1.0
0.68,2.4
0.68,2.44
0.68,1.08
0.68,2.4
0.68,2.5
0.68,1.06
0.68,2.34
0.68,2.44
0.68,1.0
1.0,1.34
1.0,2.46
1.0,1.02
1.0,1.38
1.0,2.5
1.0,1.06
1.0,1.34
1.0,2.44
1.0,1.0
2.0,2.0
2.0,2.0
2.0,2.0
2.0,2.02
2.0,2.5
2.0,1.06
2.0,1.98
2.0,2.44
2.0,1.0
0.68,2.4
0.68,2.44
0.68,1.08
0.68,2.4
0.68,2.5
0.68,1.06
0.68,2.34
0.68,2.44
0.68,1.0
1.0,1.34
1.0,2.46
1.0,1.02
1.0,1.38
1.0,2.5
1.0,1.06
1.0,1.34
1.0,2.44
1.0,1.0
2.0,2.0
2.0,2.0
2.0,2.0
2.0,2.02
2.0,2.5
2.0,1.06
2.0,1.98
2.0,2.44
2.0,1.0
0.68,2.4
0.68,2.44
0.68,1.08
0.68,2.4
0.68,2.5
0.68,1.06
0.68,2.34
0.68,2.44
0.68,1.0
1.0,1.34
1.0,2.46
1.0,1.02
1.0,1.38
1.0,2.5
1.0,1.06
1.0,1.34
1.0,2.44
1.0,1.0
2.0,2.0
2.0,2.0
2.0,2.0
2.0,2.02
2.0,2.5
2.0,1.06
2.0,1.98
2.0,2.44
2.0,1.0
0.68,2.4
0.68,2.44
0.68,1.08
0.68,2.4
0.68,2.5
0.68,1.06
0.68,2.34
0.68,2.44
0.68,1.0
1.0,1.34
1.0,2.46
1.0,1.02
1.0,1.38
1.0,2.5
1.0,1.06
1.0,1.34
1.0,2.44
1.0,1.0
2.0,2.0
2.0,2.0
2.0,2.0
2.0,2.02
2.0,2.5
2.0,1.06
2.0,1.98
2.0,2.44
2.0,1.0
0.68,2.4
0.68,2.44
0.68,1.08
0.68,2.4
0.68,2.5
0.68,1.06
0.68,2.34
0.68,2.44
0.68,1.0
1.0,1.34
1.0,2.46
1.0,1.02
1.0,1.38
1.0,2.5
1.0,1.06
1.0,1.34
1.0,2.44
1.0,1.0
2.0,2.0
2.0,2.0
2.0,2.0
2.0,2.02
2.0,2.5
2.0,1.06
2.0,1.98
2.0,2.44
2.0,1.0
0.68,2.4
0.68,2.44
0.68,1.08
0.68,2.4
0.68,2.5
0.68,1.06
0.68,2.34
0.68,2.44
0.68,1.0
1.0,1.34
1.0,2.46
1.0,1.02
1.0,1.38
1.0,2.5
1.0,1.06
1.0,1.34
1.0,2.44
1.0,1.0
2.0,2.0
2.0,2.0
2.0,2.0
2.0,1.0
2.0,1.0
2.0,1.0
2.0,1.98
2.0,1.0
2.0,1.0
1.0,1.34
1.0,1.34
1.0,1.34
1.0,1.0
1.0,1.0
1.0,1.0
1.0,1.2
1.0,1.0
1.0,1.0
1.0,1.34
1.0,1.2
1.0,1.02
1.0,1.0
1.0,1.0
1.0,1.0
1.0,1.34
1.0,1.0
1.0,1.0
2.0,2.0
2.0,2.0
2.0,2.0
2.0,1.0
2.0,1.0
2.0,1.0
2.0,1.98
2.0,1.0
2.0,1.0
1.0,1.34
1.0,1.34
1.0,1.34
1.0,1.0
1.0,1.0
1.0,1.0
1.0,1.2
1.0,1.0
1.0,1.0
1.0,1.34
1.0,1.2
1.0,1.02
1.0,1.0
1.0,1.0
1.0,1.0
1.0,1.34
1.0,1.0
1.0,1.0
2.0,2.0
2.0,2.0
2.0,2.0
2.0,1.0
2.0,1.0
2.0,1.0
2.0,1.98
2.0,1.0
2.0,1.0
1.0,1.34
1.0,1.34
1.0,1.34
1.0,1.0
1.0,1.0
1.0,1.0
1.0,1.2
1.0,1.0
1.0,1.0
1.0,1.34
1.0,1.2
1.0,1.02
1.0,1.0
1.0,1.0
1.0,1.0
1.0,1.34
1.0,1.0
1.0,1.0
2.0,2.0
2.0,2.0
2.0,2.0
2.0,1.0
2.0,1.0
2.0,1.0
2.0,1.98
2.0,1.0
2.0,1.0
1.0,1.34
1.0,1.34
1.0,1.34
1.0,1.0
1.0,1.0
1.0,1.0
1.0,1.2
1.0,1.0
1.0,1.0
1.0,1.34
1.0,1.2
1.0,1.02
1.0,1.0
1.0,1.0
1.0,1.0
1.0,1.34
1.0,1.0
1.0,1.0
2.0,2.0
2.0,2.0
2.0,2.0
2.0,1.0
2.0,1.0
2.0,1.0
2.0,1.98
2.0,1.0
2.0,1.0
1.0,1.34
1.0,1.34
1.0,1.34
1.0,1.0
1.0,1.0
1.0,1.0
1.0,1.2
1.0,1.0
1.0,1.0
1.0,1.34
1.0,1.2
1.0,1.02
1.0,1.0
1.0,1.0
1.0,1.0
1.0,1.34
1.0,1.0
1.0,1.0
2.0,2.0
2.0,2.0
2.0,2.0
2.0,1.0
2.0,1.0
2.0,1.0
2.0,1.98
2.0,1.0
2.0,1.0
1.0,1.34
1.0,1.34
1.0,1.34
1.0,1.0
1.0,1.0
1.0,1.0
1.0,1.2
1.0,1.0
1.0,1.0
1.0,1.34
1.0,1.2
1.0,1.02
1.0,1.0
1.0,1.0
1.0,1.0
1.0,1.34
1.0,1.0
1.0,1.0
2.0,2.0
2.0,2.0
2.0,2.0
2.0,1.0
2.0,1.0
2.0,1.0
2.0,1.98
2.0,1.0
2.0,1.0
1.0,1.34
1.0,1.34
1.0,1.34
1.0,1.0
1.0,1.0
1.0,1.0
1.0,1.2
1.0,1.0
1.0,1.0
1.0,1.34
1.0,1.2
1.0,1.02
1.0,1.0
1.0,1.0
1.0,1.0
1.0,1.34
1.0,1.0
1.0,1.0
2.0,2.0
2.0,2.0
2.0,2.0
2.0,1.0
2.0,1.0
2.0,1.0
2.0,1.98
2.0,1.0
2.0,1.0
1.0,1.34
1.0,1.34
1.0,1.34
1.0,1.0
1.0,1.0
1.0,1.0
1.0,1.2
1.0,1.0
1.0,1.0
1.0,1.34
1.0,1.2
1.0,1.02
1.0,1.0
1.0,1.0
1.0,1.0
1.0,1.34
1.0,1.0
1.0,1.0
2.0,2.0
2.0,2.0
2.0,2.0
2.0,1.0
2.0,1.0
2.0,1.0
2.0,1.98
2.0,1.0
2.0,1.0
1.0,1.34
1.0,1.34
1.0,1.34
1.0,1.0
1.0,1.0
1.0,1.0
1.0,1.2
1.0,1.0
1.0,1.0
1.0,1.34
1.0,1.2
1.0,1.02
1.0,1.0
1.0,1.0
1.0,1.0
1.0,1.34
1.0,1.0
1.0,1.0
2.0,2.0
2.0,2.0
2.0,2.0
2.0,2.01
2.0,2.33
2.0,1.05
2.0,1.98
2.0,2.28
2.0,1.0
0.02,2.25
0.02,2.33
0.02,1.05
0.02,2.25
0.02,2.33
0.02,1.05
0.02,2.22
0.02,2.28
0.02,1.0
1.0,1.34
1.0,2.3
1.0,1.02
1.0,1.37
1.0,2.33
1.0,1.05
1.0,1.34
1.0,2.28
1.0,1.0
2.0,2.0
2.0,2.0
2.0,2.0
2.0,2.01
2.0,2.33
2.0,1.05
2.0,1.98
2.0,2.28
2.0,1.0
0.02,2.25
0.02,2.33
0.02,1.05
0.02,2.25
0.02,2.33
0.02,1.05
0.02,2.22
0.02,2.28
0.02,1.0
1.0,1.34
1.0,2.3
1.0,1.02
1.0,1.37
1.0,2.33
1.0,1.05
1.0,1.34
1.0,2.28
1.0,1.0
2.0,2.0
2.0,2.0
2.0,2.0
2.0,2.01
2.0,2.33
2.0,1.05
2.0,1.98
2.0,2.28
2.0,1.0
0.02,2.25
0.02,2.33
0.02,1.05
0.02,2.25
0.02,2.33
0.02,1.05
0.02,2.22
0.02,2.28
0.02,1.0
1.0,1.34
1.0,2.3
1.0,1.02
1.0,1.37
1.0,2.33
1.0,1.05
1.0,1.34
1.0,2.28
1.0,1.0
2.0,2.0
2.0,2.0
2.0,2.0
2.0,4.92
2.0,4.92
2.0,4.92
2.0,1.98
2.0,4.84
2.0,1.0
0.02,4.89
0.02,4.89
0.02,4.89
0.02,4.92
0.02,4.92
0.02,4.92
0.02,4.81
0.02,4.84
0.02,1.0
1.0,1.34
1.0,4.81
1.0,1.02
1.0,4.92
1.0,4.92
1.0,4.92
1.0,1.34
1.0,4.84
1.0,1.0
2.0,2.0
2.0,2.0
2.0,2.0
2.0,4.92
2.0,4.92
2.0,4.92
2.0,1.98
2.0,4.84
2.0,1.0
0.02,4.89
0.02,4.89
0.02,4.89
0.02,4.92
0.02,4.92
0.02,4.92
0.02,4.81
0.02,4.84
0.02,1.0
1.0,1.34
1.0,4.81
1.0,1.02
1.0,4.92
1.0,4.92
1.0,4.92
1.0,1.34
1.0,4.84
1.0,1.0
2.0,2.0
2.0,2.0
2.0,2.0
2.0,4.92
2.0,4.92
2.0,4.92
2.0,1.98
2.0,4.84
2.0,1.0
0.02,4.89
0.02,4.89
0.02,4.89
0.02,4.92
0.02,4.92
0.02,4.92
0.02,4.81
0.02,4.84
0.02,1.0
1.0,1.34
1.0,4.81
1.0,1.02
1.0,4.92
1.0,4.92
1.0,4.92
1.0,1.34
1.0,4.84
1.0,1.0
2.0,2.0
2.0,2.0
2.0,2.0
2.0,1.99
2.0,1.75
2.0,1.03
2.0,1.98
2.0,1.72
2.0,1.0
0.02,1.8
0.02,1.77
0.02,1.05
0.02,1.8
0.02,1.75
0.02,1.03
0.02,1.77
0.02,1.72
0.02,1.0
1.0,1.34
1.0,1.74
1.0,1.02
1.0,1.35
1.0,1.75
1.0,1.03
1.0,1.34
1.0,1.72
1.0,1.0
2.0,2.0
2.0,2.0
2.0,2.0
2.0,1.99
2.0,1.75
2.0,1.03
2.0,1.98
2.0,1.72
2.0,1.0
0.02,1.8
0.02,1.77
0.02,1.05
0.02,1.8
0.02,1.75
0.02,1.03
0.02,1.77
0.02,1.72
0.02,1.0
1.0,1.34
1.0,1.74
1.0,1.02
1.0,1.35
1.0,1.75
1.0,1.03
1.0,1.34
1.0,1.72
1.0,1.0
2.0,2.0
2.0,2.0
2.0,2.0
2.0,1.99
2.0,1.75
2.0,1.03
2.0,1.98
2.0,1.72
2.0,1.0
0.02,1.8
0.02,1.77
0.02,1.05
0.02,1.8
0.02,1.75
0.02,1.03
0.02,1.77
0.02,1.72
0.02,1.0
1.0,1.34
1.0,1.74
1.0,1.02
1.0,1.35
1.0,1.75
1.0,1.03
1.0,1.34
1.0,1.72
1.0,1.0
2.0,2.0
2.0,2.0
2.0,2.0
2.0,3.0
2.0,3.0
2.0,3.0
2.0,1.98
2.0,2.4
2.0,1.0
0.68,2.76
0.68,2.76
0.68,2.76
0.68,3.0
0.68,3.0
0.68,3.0
0.68,2.34
0.68,2.4
0.68,1.0
1.0,1.34
1.0,2.34
1.0,1.02
1.0,3.0
1.0,3.0
1.0,3.0
1.0,1.34
1.0,2.4
1.0,1.0
2.0,2.0
2.0,2.0
2.0,2.0
2.0,2.08
2.0,3.3
2.0,1.14
2.0,1.98
2.0,3.24
2.0,1.0
0.68,3.12
0.68,3.24
0.68,1.16
0.68,3.1
0.68,3.3
0.68,1.14
0.68,3.1
0.68,3.24
0.68,1.0
1.0,1.34
1.0,3.26
1.0,1.02
1.0,1.46
1.0,3.3
1.0,1.14
1.0,1.34
1.0,3.24
1.0,1.0
2.0,2.0
2.0,2.0
2.0,2.0
2.0,4.26
2.0,4.26
2.0,4.26
2.0,1.98
2.0,4.2
2.0,1.0
0.68,4.2
0.68,4.2
0.68,4.2
0.68,4.26
0.68,4.26
0.68,4.26
0.68,4.17
0.68,4.2
0.68,1.0
1.0,1.34
1.0,4.17
1.0,1.02
1.0,4.26
1.0,4.26
1.0,4.26
1.0,1.34
1.0,4.2
1.0,1.0
2.0,2.0
2.0,2.0
2.0,2.0
2.0,3.0
2.0,3.0
2.0,3.0
2.0,1.98
2.0,2.4
2.0,1.0
0.68,2.76
0.68,2.76
0.68,2.76
0.68,3.0
0.68,3.0
0.68,3.0
0.68,2.34
0.68,2.4
0.68,1.0
1.0,1.34
1.0,2.34
1.0,1.02
1.0,3.0
1.0,3.0
1.0,3.0
1.0,1.34
1.0,2.4
1.0,1.0
2.0,2.0
2.0,2.0
2.0,2.0
2.0,4.9
2.0,4.9
2.0,4.9
2.0,1.98
2.0,4.82
2.0,1.0
0.68,4.87
0.68,4.87
0.68,4.87
0.68,4.9
0.68,4.9
0.68,4.9
0.68,4.79
0.68,4.82
0.68,1.0
1.0,1.34
1.0,4.79
1.0,1.02
1.0,4.9
1.0,4.9
1.0,4.9
1.0,1.34
1.0,4.82
1.0,1.0
2.0,2.0
2.0,2.0
2.0,2.0
2.0,4.26
2.0,4.26
2.0,4.26
2.0,1.98
2.0,4.2
2.0,1.0
0.68,4.2
0.68,4.2
0.68,4.2
0.68,4.26
0.68,4.26
0.68,4.26
0.68,4.17
0.68,4.2
0.68,1.0
1.0,1.34
1.0,4.17
1.0,1.02
1.0,4.26
1.0,4.26
1.0,4.26
1.0,1.34
1.0,4.2
1.0,1.0
2.0,2.0
2.0,2.0
2.0,2.0
2.0,3.0
2.0,3.0
2.0,3.0
2.0,1.98
2.0,2.4
2.0,1.0
0.68,2.76
0.68,2.76
0.68,2.76
0.68,3.0
0.68,3.0
0.68,3.0
0.68,2.34
0.68,2.4
0.68,1.0
1.0,1.34
1.0,2.34
1.0,1.02
1.0,3.0
1.0,3.0
1.0,3.0
1.0,1.34
1.0,2.4
1.0,1.0
2.0,2.0
2.0,2.0
2.0,2.0
2.0,2.06
2.0,2.82
2.0,1.14
2.0,1.98
2.0,2.82
2.0,1.0
0.68,2.68
0.68,2.84
0.68,1.14
0.68,2.74
0.68,2.82
0.68,1.14
0.68,2.7
0.68,2.82
0.68,1.0
1.0,1.34
1.0,2.84
1.0,1.02
1.0,1.44
1.0,2.82
1.0,1.14
1.0,1.34
1.0,2.82
1.0,1.0
2.0,2.0
2.0,2.0
2.0,2.0
2.0,4.26
2.0,4.26
2.0,4.26
2.0,1.98
2.0,4.2
2.0,1.0
0.68,4.2
0.68,4.2
0.68,4.2
0.68,4.26
0.68,4.26
0.68,4.26
0.68,4.17
0.68,4.2
0.68,1.0
1.0,1.34
1.0,4.17
1.0,1.02
1.0,4.26
1.0,4.26
1.0,4.26
1.0,1.34
1.0,4.2
1.0,1.0
2.0,2.0
2.0,2.0
2.0,2.0
2.0,1.0
2.0,1.0
2.0,1.0
2.0,1.98
2.0,1.0
2.0,1.0
1.0,1.34
1.0,1.34
1.0,1.34
1.0,1.0
1.0,1.0
1.0,1.0
1.0,1.2
1.0,1.0
1.0,1.0
1.0,1.34
1.0,1.2
1.0,1.02
1.0,1.0
1.0,1.0
1.0,1.0
1.0,1.34
1.0,1.0
1.0,1.0
2.0,2.0
2.0,2.0
2.0,2.0
2.0,1.0
2.0,1.0
2.0,1.0
2.0,1.98
2.0,1.0
2.0,1.0
1.0,1.34
1.0,1.34
1.0,1.34
1.0,1.0
1.0,1.0
1.0,1.0
1.0,1.2
1.0,1.0
1.0,1.0
1.0,1.34
1.0,1.2
1.0,1.02
1.0,1.0
1.0,1.0
1.0,1.0
1.0,1.34
1.0,1.0
1.0,1.0
2.0,2.0
2.0,2.0
2.0,2.0
2.0,1.0
2.0,1.0
2.0,1.0
2.0,1.98
2.0,1.0
2.0,1.0
1.0,1.34
1.0,1.34
1.0,1.34
1.0,1.0
1.0,1.0
1.0,1.0
1.0,1.2
1.0,1.0
1.0,1.0
1.0,1.34
1.0,1.2
1.0,1.02
1.0,1.0
1.0,1.0
1.0,1.0
1.0,1.34
1.0,1.0
1.0,1.0
2.0,2.0
2.0,2.0
2.0,2.0
2.0,1.0
2.0,1.0
2.0,1.0
2.0,1.98
2.0,1.0
2.0,1.0
1.0,1.34
1.0,1.34
1.0,1.34
1.0,1.0
1.0,1.0
1.0,1.0
1.0,1.2
1.0,1.0
1.0,1.0
1.0,1.34
1.0,1.2
1.0,1.02
1.0,1.0
1.0,1.0
1.0,1.0
1.0,1.34
1.0,1.0
1.0,1.0
2.0,2.0
2.0,2.0
2.0,2.0
2.0,1.0
2.0,1.0
2.0,1.0
2.0,1.98
2.0,1.0
2.0,1.0
1.0,1.34
1.0,1.34
1.0,1.34
1.0,1.0
1.0,1.0
1.0,1.0
1.0,1.2
1.0,1.0
1.0,1.0
1.0,1.34
1.0,1.2
1.0,1.02
1.0,1.0
1.0,1.0
1.0,1.0
1.0,1.34
1.0,1.0
1.0,1.0
2.0,2.0
2.0,2.0
2.0,2.0
2.0,1.0
2.0,1.0
2.0,1.0
2.0,1.98
2.0,1.0
2.0,1.0
1.0,1.34
1.0,1.34
1.0,1.34
1.0,1.0
1.0,1.0
1.0,1.0
1.0,1.2
1.0,1.0
1.0,1.0
1.0,1.34
1.0,1.2
1.0,1.02
1.0,1.0
1.0,1.0
1.0,1.0
1.0,1.34
1.0,1.0
1.0,1.0
2.0,2.0
2.0,2.0
2.0,2.0
2.0,1.0
2.0,1.0
2.0,1.0
2.0,1.98
2.0,1.0
2.0,1.0
1.0,1.34
1.0,1.34
1.0,1.34
1.0,1.0
1.0,1.0
1.0,1.0
1.0,1.2
1.0,1.0
1.0,1.0
1.0,1.34
1.0,1.2
1.0,1.02
1.0,1.0
1.0,1.0
1.0,1.0
1.0,1.34
1.0,1.0
1.0,1.0
2.0,2.0
2.0,2.0
2.0,2.0
2.0,1.0
2.0,1.0
2.0,1.0
2.0,1.98
2.0,1.0
2.0,1.0
1.0,1.34
1.0,1.34
1.0,1.34
1.0,1.0
1.0,1.0
1.0,1.0
1.0,1.2
1.0,1.0
1.0,1.0
1.0,1.34
1.0,1.2
1.0,1.02
1.0,1.0
1.0,1.0
1.0,1.0
1.0,1.34
1.0,1.0
1.0,1.0
2.0,2.0
2.0,2.0
2.0,2.0
2.0,1.0
2.0,1.0
2.0,1.0
2.0,1.98
2.0,1.0
2.0,1.0
1.0,1.34
1.0,1.34
1.0,1.34
1.0,1.0
1.0,1.0
1.0,1.0
1.0,1.2
1.0,1.0
1.0,1.0
1.0,1.34
1.0,1.2
1.0,1.02
1.0,1.0
1.0,1.0
1.0,1.0
1.0,1.34
1.0,1.0
1.0,1.0
2.0,2.0
2.0,2.0
2.0,2.0
2.0,2.01
2.0,2.33
2.0,1.05
2.0,1.98
2.0,2.28
2.0,1.0
0.02,2.25
0.02,2.33
0.02,1.05
0.02,2.25
0.02,2.33
0.02,1.05
0.02,2.22
0.02,2.28
0.02,1.0
1.0,1.34
1.0,2.3
1.0,1.02
1.0,1.37
1.0,2.33
1.0,1.05
1.0,1.34
1.0,2.28
1.0,1.0
2.0,2.0
2.0,2.0
2.0,2.0
2.0,2.01
2.0,2.33
2.0,1.05
2.0,1.98
2.0,2.28
2.0,1.0
0.02,2.25
0.02,2.33
0.02,1.05
0.02,2.25
0.02,2.33
0.02,1.05
0.02,2.22
0.02,2.28
0.02,1.0
1.0,1.34
1.0,2.3
1.0,1.02
1.0,1.37
1.0,2.33
1.0,1.05
1.0,1.34
1.0,2.28
1.0,1.0
2.0,2.0
2.0,2.0
2.0,2.0
2.0,2.01
2.0,2.33
2.0,1.05
2.0,1.98
2.0,2.28
2.0,1.0
0.02,2.25
0.02,2.33
0.02,1.05
0.02,2.25
0.02,2.33
0.02,1.05
0.02,2.22
0.02,2.28
0.02,1.0
1.0,1.34
1.0,2.3
1.0,1.02
1.0,1.37
1.0,2.33
1.0,1.05
1.0,1.34
1.0,2.28
1.0,1.0
2.0,2.0
2.0,2.0
2.0,2.0
2.0,4.92
2.0,4.92
2.0,4.92
2.0,1.98
2.0,4.84
2.0,1.0
0.02,4.89
0.02,4.89
0.02,4.89
0.02,4.92
0.02,4.92
0.02,4.92
0.02,4.81
0.02,4.84
0.02,1.0
1.0,1.34
1.0,4.81
1.0,1.02
1.0,4.92
1.0,4.92
1.0,4.92
1.0,1.34
1.0,4.84
1.0,1.0
2.0,2.0
2.0,2.0
2.0,2.0
2.0,4.92
2.0,4.92
2.0,4.92
2.0,1.98
2.0,4.84
2.0,1.0
0.02,4.89
0.02,4.89
0.02,4.89
0.02,4.92
0.02,4.92
0.02,4.92
0.02,4.81
0.02,4.84
0.02,1.0
1.0,1.34
1.0,4.81
1.0,1.02
1.0,4.92
1.0,4.92
1.0,4.92
1.0,1.34
1.0,4.84
1.0,1.0
2.0,2.0
2.0,2.0
2.0,2.0
2.0,4.92
2.0,4.92
2.0,4.92
2.0,1.98
2.0,4.84
2.0,1.0
0.02,4.89
0.02,4.89
0.02,4.89
0.02,4.92
0.02,4.92
0.02,4.92
0.02,4.81
0.02,4.84
0.02,1.0
1.0,1.34
1.0,4.81
1.0,1.02
1.0,4.92
1.0,4.92
1.0,4.92
1.0,1.34
1.0,4.84
1.0,1.0
2.0,2.0
2.0,2.0
2.0,2.0
2.0,1.99
2.0,1.75
2.0,1.03
2.0,1.98
2.0,1.72
2.0,1.0
0.02,1.8
0.02,1.77
0.02,1.05
0.02,1.8
0.02,1.75
0.02,1.03
0.02,1.77
0.02,1.72
0.02,1.0
1.0,1.34
1.0,1.74
1.0,1.02
1.0,1.35
1.0,1.75
1.0,1.03
1.0,1.34
1.0,1.72
1.0,1.0
2.0,2.0
2.0,2.0
2.0,2.0
2.0,1.99
2.0,1.75
2.0,1.03
2.0,1.98
2.0,1.72
2.0,1.0
0.02,1.8
0.02,1.77
0.02,1.05
0.02,1.8
0.02,1.75
0.02,1.03
0.02,1.77
0.02,1.72
0.02,1.0
1.0,1.34
1.0,1.74
1.0,1.02
1.0,1.35
1.0,1.75
1.0,1.03
1.0,1.34
1.0,1.72
1.0,1.0
2.0,2.0
2.0,2.0
2.0,2.0
2.0,1.99
2.0,1.75
2.0,1.03
2.0,1.98
2.0,1.72
2.0,1.0
0.02,1.8
0.02,1.77
0.02,1.05
0.02,1.8
0.02,1.75
0.02,1.03
0.02,1.77
0.02,1.72
0.02,1.0
1.0,1.34
1.0,1.74
1.0,1.02
1.0,1.35
1.0,1.75
1.0,1.03
1.0,1.34
1.0,1.72
1.0,1.0
2.0,2.0
2.0,2.0
2.0,2.0
2.0,7.78
2.0,7.78
2.0,7.78
2.0,1.98
2.0,7.64
2.0,1.0
0.68,7.72
0.68,7.72
0.68,7.72
0.68,7.78
0.68,7.78
0.68,7.78
0.68,7.58
0.68,7.64
0.68,1.0
1.0,1.34
1.0,7.58
1.0,1.02
1.0,7.78
1.0,7.78
1.0,7.78
1.0,1.34
1.0,7.64
1.0,1.0
2.0,2.0
2.0,2.0
2.0,2.0
2.0,7.78
2.0,7.78
2.0,7.78
2.0,1.98
2.0,7.64
2.0,1.0
0.68,7.72
0.68,7.72
0.68,7.72
0.68,7.78
0.68,7.78
0.68,7.78
0.68,7.58
0.68,7.64
0.68,1.0
1.0,1.34
1.0,7.58
1.0,1.02
1.0,7.78
1.0,7.78
1.0,7.78
1.0,1.34
1.0,7.64
1.0,1.0
2.0,2.0
2.0,2.0
2.0,2.0
2.0,7.78
2.0,7.78
2.0,7.78
2.0,1.98
2.0,7.64
2.0,1.0
0.68,7.72
0.68,7.72
0.68,7.72
0.68,7.78
0.68,7.78
0.68,7.78
0.68,7.58
0.68,7.64
0.68,1.0
1.0,1.34
1.0,7.58
1.0,1.02
1.0,7.78
1.0,7.78
1.0,7.78
1.0,1.34
1.0,7.64
1.0,1.0
2.0,2.0
2.0,2.0
2.0,2.0
2.0,7.78
2.0,7.78
2.0,7.78
2.0,1.98
2.0,7.64
2.0,1.0
0.68,7.72
0.68,7.72
0.68,7.72
0.68,7.78
0.68,7.78
0.68,7.78
0.68,7.58
0.68,7.64
0.68,1.0
1.0,1.34
1.0,7.58
1.0,1.02
1.0,7.78
1.0,7.78
1.0,7.78
1.0,1.34
1.0,7.64
1.0,1.0
2.0,2.0
2.0,2.0
2.0,2.0
2.0,7.78
2.0,7.78
2.0,7.78
2.0,1.98
2.0,7.64
2.0,1.0
0.68,7.72
0.68,7.72
0.68,7.72
0.68,7.78
0.68,7.78
0.68,7.78
0.68,7.58
0.68,7.64
0.68,1.0
1.0,1.34
1.0,7.58
1.0,1.02
1.0,7.78
1.0,7.78
1.0,7.78
1.0,1.34
1.0,7.64
1.0,1.0
2.0,2.0
2.0,2.0
2.0,2.0
2.0,7.78
2.0,7.78
2.0,7.78
2.0,1.98
2.0,7.64
2.0,1.0
0.68,7.72
0.68,7.72
0.68,7.72
0.68,7.78
0.68,7.78
0.68,7.78
0.68,7.58
0.68,7.64
0.68,1.0
1.0,1.34
1.0,7.58
1.0,1.02
1.0,7.78
1.0,7.78
1.0,7.78
1.0,1.34
1.0,7.64
1.0,1.0
2.0,2.0
2.0,2.0
2.0,2.0
2.0,7.78
2.0,7.78
2.0,7.78
2.0,1.98
2.0,7.64
2.0,1.0
0.68,7.72
0.68,7.72
0.68,7.72
0.68,7.78
0.68,7.78
0.68,7.78
0.68,7.58
0.68,7.64
0.68,1.0
1.0,1.34
1.0,7.58
1.0,1.02
1.0,7.78
1.0,7.78
1.0,7.78
1.0,1.34
1.0,7.64
1.0,1.0
2.0,2.0
2.0,2.0
2.0,2.0
2.0,7.78
2.0,7.78
2.0,7.78
2.0,1.98
2.0,7.64
2.0,1.0
0.68,7.72
0.68,7.72
0.68,7.72
0.68,7.78
0.68,7.78
0.68,7.78
0.68,7.58
0.68,7.64
0.68,1.0
1.0,1.34
1.0,7.58
1.0,1.02
1.0,7.78
1.0,7.78
1.0,7.78
1.0,1.34
1.0,7.64
1.0,1.0
2.0,2.0
2.0,2.0
2.0,2.0
2.0,7.78
2.0,7.78
2.0,7.78
2.0,1.98
2.0,7.64
2.0,1.0
0.68,7.72
0.68,7.72
0.68,7.72
0.68,7.78
0.68,7.78
0.68,7.78
0.68,7.58
0.68,7.64
0.68,1.0
1.0,1.34
1.0,7.58
1.0,1.02
1.0,7.78
1.0,7.78
1.0,7.78
1.0,1.34
1.0,7.64
1.0,1.0
2.0,2.0
2.0,2.0
2.0,2.0
2.0,1.0
2.0,1.0
2.0,1.0
2.0,2.33
2.0,2.33
2.0,2.33
1.0,1.34
1.0,1.34
1.0,1.34
1.0,1.0
1.0,1.0
1.0,1.0
1.0,2.33
1.0,2.33
1.0,2.33
0.68,2.25
0.68,2.25
0.68,2.25
0.68,1.0
0.68,1.0
0.68,1.0
0.68,2.33
0.68,2.33
0.68,2.33
2.0,2.0
2.0,2.0
2.0,2.0
2.0,1.0
2.0,1.0
2.0,1.0
2.0,2.04
2.0,2.36
2.0,3.0
1.0,1.34
1.0,1.34
1.0,1.34
1.0,1.0
1.0,1.0
1.0,1.0
1.0,2.26
1.0,2.36
1.0,3.0
0.68,2.8
0.68,2.28
0.68,2.97
0.68,1.0
0.68,1.0
0.68,1.0
0.68,2.8
0.68,2.36
0.68,3.0
2.0,2.0
2.0,2.0
2.0,2.0
2.0,1.0
2.0,1.0
2.0,1.0
2.0,1.99
2.0,1.51
2.0,1.75
1.0,1.34
1.0,1.34
1.0,1.34
1.0,1.0
1.0,1.0
1.0,1.0
1.0,1.56
1.0,1.51
1.0,1.75
0.68,1.8
0.68,1.58
0.68,1.77
0.68,1.0
0.68,1.0
0.68,1.0
0.68,1.8
0.68,1.51
0.68,1.75
2.0,2.0
2.0,2.0
2.0,2.0
2.0,1.0
2.0,1.0
2.0,1.0
2.0,2.33
2.0,2.33
2.0,2.33
1.0,1.34
1.0,1.34
1.0,1.34
1.0,1.0
1.0,1.0
1.0,1.0
1.0,2.33
1.0,2.33
1.0,2.33
0.68,2.25
0.68,2.25
0.68,2.25
0.68,1.0
0.68,1.0
0.68,1.0
0.68,2.33
0.68,2.33
0.68,2.33
2.0,2.0
2.0,2.0
2.0,2.0
2.0,1.0
2.0,1.0
2.0,1.0
2.0,4.92
2.0,4.92
2.0,4.92
1.0,1.34
1.0,1.34
1.0,1.34
1.0,1.0
1.0,1.0
1.0,1.0
1.0,4.92
1.0,4.92
1.0,4.92
0.68,4.89
0.68,4.89
0.68,4.89
0.68,1.0
0.68,1.0
0.68,1.0
0.68,4.92
0.68,4.92
0.68,4.92
2.0,2.0
2.0,2.0
2.0,2.0
2.0,1.0
2.0,1.0
2.0,1.0
2.0,1.99
2.0,1.51
2.0,1.75
1.0,1.34
1.0,1.34
1.0,1.34
1.0,1.0
1.0,1.0
1.0,1.0
1.0,1.56
1.0,1.51
1.0,1.75
0.68,1.8
0.68,1.58
0.68,1.77
0.68,1.0
0.68,1.0
0.68,1.0
0.68,1.8
0.68,1.51
0.68,1.75
2.0,2.0
2.0,2.0
2.0,2.0
2.0,1.0
2.0,1.0
2.0,1.0
2.0,2.33
2.0,2.33
2.0,2.33
1.0,1.34
1.0,1.34
1.0,1.34
1.0,1.0
1.0,1.0
1.0,1.0
1.0,2.33
1.0,2.33
1.0,2.33
0.68,2.25
0.68,2.25
0.68,2.25
0.68,1.0
0.68,1.0
0.68,1.0
0.68,2.33
0.68,2.33
0.68,2.33
2.0,2.0
2.0,2.0
2.0,2.0
2.0,1.0
2.0,1.0
2.0,1.0
2.0,3.32
2.0,3.32
2.0,3.32
1.0,1.34
1.0,1.34
1.0,1.34
1.0,1.0
1.0,1.0
1.0,1.0
1.0,3.32
1.0,3.32
1.0,3.32
0.68,3.29
0.68,3.29
0.68,3.29
0.68,1.0
0.68,1.0
0.68,1.0
0.68,3.32
0.68,3.32
0.68,3.32
2.0,2.0
2.0,2.0
2.0,2.0
2.0,1.0
2.0,1.0
2.0,1.0
2.0,1.99
2.0,1.51
2.0,1.75
1.0,1.34
1.0,1.34
1.0,1.34
1.0,1.0
1.0,1.0
1.0,1.0
1.0,1.56
1.0,1.51
1.0,1.75
0.68,1.8
0.68,1.58
0.68,1.77
0.68,1.0
0.68,1.0
0.68,1.0
0.68,1.8
0.68,1.51
0.68,1.75
2.0,2.0
2.0,2.0
2.0,2.0
2.0,2.01
2.0,2.33
2.0,2.33
2.0,2.33
2.0,2.33
2.0,2.33
0.02,2.25
0.02,2.33
0.02,2.28
0.02,2.25
0.02,2.33
0.02,2.33
0.02,2.33
0.02,2.33
0.02,2.33
0.02,2.25
0.02,2.25
0.02,2.25
0.02,2.26
0.02,2.33
0.02,2.33
0.02,2.33
0.02,2.33
0.02,2.33
2.0,2.0
2.0,2.0
2.0,2.0
2.0,2.01
2.0,2.33
2.0,2.97
2.0,2.04
2.0,2.36
2.0,3.0
0.02,2.25
0.02,2.33
0.02,2.97
0.02,2.25
0.02,2.33
0.02,2.97
0.02,2.28
0.02,2.36
0.02,3.0
0.02,2.8
0.02,2.33
0.02,2.97
0.02,2.77
0.02,2.33
0.02,2.97
0.02,2.8
0.02,2.36
0.02,3.0
2.0,2.0
2.0,2.0
2.0,2.0
2.0,2.01
2.0,2.33
2.0,1.77
2.0,1.99
2.0,2.31
2.0,1.75
0.02,2.25
0.02,2.33
0.02,1.77
0.02,2.25
0.02,2.33
0.02,1.77
0.02,2.23
0.02,2.31
0.02,1.75
0.02,1.8
0.02,2.28
0.02,1.77
0.02,1.82
0.02,2.33
0.02,1.77
0.02,1.8
0.02,2.31
0.02,1.75
2.0,2.0
2.0,2.0
2.0,2.0
2.0,4.92
2.0,4.92
2.0,4.92
2.0,2.33
2.0,2.33
2.0,2.33
0.02,4.89
0.02,4.89
0.02,4.89
0.02,4.92
0.02,4.92
0.02,4.92
0.02,2.33
0.02,2.33
0.02,2.33
0.02,2.25
0.02,2.25
0.02,2.25
0.02,4.92
0.02,4.92
0.02,4.92
0.02,2.33
0.02,2.33
0.02,2.33
2.0,2.0
2.0,2.0
2.0,2.0
2.0,4.92
2.0,4.92
2.0,4.92
2.0,4.92
2.0,4.92
2.0,4.92
0.02,4.89
0.02,4.89
0.02,4.89
0.02,4.92
0.02,4.92
0.02,4.92
0.02,4.92
0.02,4.92
0.02,4.92
0.02,4.89
0.02,4.89
0.02,4.89
0.02,4.92
0.02,4.92
0.02,4.92
0.02,4.92
0.02,4.92
0.02,4.92
2.0,2.0
2.0,2.0
2.0,2.0
2.0,4.92
2.0,4.92
2.0,4.92
2.0,1.99
2.0,4.79
2.0,1.75
0.02,4.89
0.02,4.89
0.02,4.89
0.02,4.92
0.02,4.92
0.02,4.92
0.02,4.76
0.02,4.79
0.02,1.75
0.02,1.8
0.02,4.76
0.02,1.77
0.02,4.92
0.02,4.92
0.02,4.92
0.02,1.8
0.02,4.79
0.02,1.75
2.0,2.0
2.0,2.0
2.0,2.0
2.0,2.4
2.0,2.4
2.0,2.4
2.0,2.33
2.0,2.33
2.0,2.33
0.02,2.33
0.02,2.33
0.02,2.33
0.02,2.4
0.02,2.4
0.02,2.4
0.02,2.33
0.02,2.33
0.02,2.33
0.02,2.25
0.02,2.25
0.02,2.25
0.02,2.4
0.02,2.4
0.02,2.4
0.02,2.33
0.02,2.33
0.02,2.33
2.0,2.0
2.0,2.0
2.0,2.0
2.0,3.27
2.0,3.27
2.0,3.27
2.0,3.32
2.0,3.32
2.0,3.32
0.02,3.29
0.02,3.29
0.02,3.29
0.02,3.27
0.02,3.27
0.02,3.27
0.02,3.32
0.02,3.32
0.02,3.32
0.02,3.29
0.02,3.29
0.02,3.29
0.02,3.27
0.02,3.27
0.02,3.27
0.02,3.32
0.02,3.32
0.02,3.32
2.0,2.0
2.0,2.0
2.0,2.0
2.0,2.0
2.0,1.99
2.0,1.75
2.0,1.99
2.0,1.99
2.0,1.75
0.02,2.0
0.02,2.01
0.02,1.77
0.02,1.98
0.02,1.99
0.02,1.75
0.02,1.98
0.02,1.99
0.02,1.75
0.02,1.8
0.02,2.01
0.02,1.77
0.02,1.83
0.02,1.99
0.02,1.75
0.02,1.8
0.02,1.99
0.02,1.75
2.0,2.0
2.0,2.0
2.0,2.0
2.0,1.96
2.0,0.68
2.0,1.48
2.0,2.33
2.0,2.33
2.0,2.33
0.02,1.0
0.02,0.68
0.02,1.58
0.02,1.0
0.02,0.68
0.02,1.48
0.02,2.33
0.02,2.33
0.02,2.33
0.02,2.25
0.02,2.25
0.02,2.25
0.02,1.56
0.02,0.68
0.02,1.48
0.02,2.33
0.02,2.33
0.02,2.33
2.0,2.0
2.0,2.0
2.0,2.0
2.0,1.96
2.0,0.68
2.0,2.92
2.0,2.04
2.0,0.76
2.0,3.0
0.02,1.0
0.02,0.68
0.02,2.92
0.02,1.0
0.02,0.68
0.02,2.92
0.02,1.08
0.02,0.76
0.02,3.0
0.02,2.8
0.02,0.78
0.02,2.97
0.02,2.72
0.02,0.68
0.02,2.92
0.02,2.8
0.02,0.76
0.02,3.0
2.0,2.0
2.0,2.0
2.0,2.0
2.0,1.96
2.0,0.68
2.0,1.72
2.0,1.99
2.0,0.71
2.0,1.75
0.02,1.0
0.02,0.68
0.02,1.72
0.02,1.0
0.02,0.68
0.02,1.72
0.02,1.03
0.02,0.71
0.02,1.75
0.02,1.8
0.02,0.73
0.02,1.77
0.02,1.77
0.02,0.68
0.02,1.72
0.02,1.8
0.02,0.71
0.02,1.75
2.0,2.0
2.0,2.0
2.0,2.0
2.0,1.96
2.0,0.68
2.0,1.48
2.0,2.33
2.0,2.33
2.0,2.33
0.02,1.0
0.02,0.68
0.02,1.58
0.02,1.0
0.02,0.68
0.02,1.48
0.02,2.33
0.02,2.33
0.02,2.33
0.02,2.25
0.02,2.25
0.02,2.25
0.02,1.56
0.02,0.68
0.02,1.48
0.02,2.33
0.02,2.33
0.02,2.33
2.0,2.0
2.0,2.0
2.0,2.0
2.0,1.96
2.0,0.68
2.0,4.79
2.0,4.92
2.0,4.92
2.0,4.92
0.02,1.0
0.02,0.68
0.02,4.76
0.02,1.0
0.02,0.68
0.02,4.79
0.02,4.92
0.02,4.92
0.02,4.92
0.02,4.89
0.02,4.89
0.02,4.89
0.02,4.76
0.02,0.68
0.02,4.79
0.02,4.92
0.02,4.92
0.02,4.92
2.0,2.0
2.0,2.0
2.0,2.0
2.0,1.96
2.0,0.68
2.0,1.72
2.0,1.99
2.0,0.71
2.0,1.75
0.02,1.0
0.02,0.68
0.02,1.72
0.02,1.0
0.02,0.68
0.02,1.72
0.02,1.03
0.02,0.71
0.02,1.75
0.02,1.8
0.02,0.73
0.02,1.77
0.02,1.77
0.02,0.68
0.02,1.72
0.02,1.8
0.02,0.71
0.02,1.75
2.0,2.0
2.0,2.0
2.0,2.0
2.0,1.96
2.0,0.68
2.0,1.48
2.0,2.33
2.0,2.33
2.0,2.33
0.02,1.0
0.02,0.68
0.02,1.58
0.02,1.0
0.02,0.68
0.02,1.48
0.02,2.33
0.02,2.33
0.02,2.33
0.02,2.25
0.02,2.25
0.02,2.25
0.02,1.56
0.02,0.68
0.02,1.48
0.02,2.33
0.02,2.33
0.02,2.33
2.0,2.0
2.0,2.0
2.0,2.0
2.0,1.96
2.0,0.68
2.0,3.24
2.0,3.32
2.0,3.32
2.0,3.32
0.02,1.0
0.02,0.68
0.02,3.21
0.02,1.0
0.02,0.68
0.02,3.24
0.02,3.32
0.02,3.32
0.02,3.32
0.02,3.29
0.02,3.29
0.02,3.29
0.02,3.21
0.02,0.68
0.02,3.24
0.02,3.32
0.02,3.32
0.02,3.32
2.0,2.0
2.0,2.0
2.0,2.0
2.0,1.96
2.0,0.68
2.0,1.72
2.0,1.99
2.0,0.71
2.0,1.75
0.02,1.0
0.02,0.68
0.02,1.72
0.02,1.0
0.02,0.68
0.02,1.72
0.02,1.03
0.02,0.71
0.02,1.75
0.02,1.8
0.02,0.73
0.02,1.77
0.02,1.77
0.02,0.68
0.02,1.72
0.02,1.8
0.02,0.71
0.02,1.75
2.0,2.0
2.0,2.0
2.0,2.0
2.0,1.0
2.0,1.0
2.0,1.0
2.0,2.33
2.0,2.33
2.0,2.33
1.0,1.34
1.0,1.34
1.0,1.34
1.0,1.0
1.0,1.0
1.0,1.0
1.0,2.33
1.0,2.33
1.0,2.33
0.68,2.25
0.68,2.25
0.68,2.25
0.68,1.0
0.68,1.0
0.68,1.0
0.68,2.33
0.68,2.33
0.68,2.33
2.0,2.0
2.0,2.0
2.0,2.0
2.0,1.0
2.0,1.0
2.0,1.0
2.0,2.04
2.0,2.36
2.0,3.0
1.0,1.34
1.0,1.34
1.0,1.34
1.0,1.0
1.0,1.0
1.0,1.0
1.0,2.26
1.0,2.36
1.0,3.0
0.68,2.8
0.68,2.28
0.68,2.97
0.68,1.0
0.68,1.0
0.68,1.0
0.68,2.8
0.68,2.36
0.68,3.0
2.0,2.0
2.0,2.0
2.0,2.0
2.0,1.0
2.0,1.0
2.0,1.0
2.0,1.99
2.0,1.51
2.0,1.75
1.0,1.34
1.0,1.34
1.0,1.34
1.0,1.0
1.0,1.0
1.0,1.0
1.0,1.56
1.0,1.51
1.0,1.75
0.68,1.8
0.68,1.58
0.68,1.77
0.68,1.0
0.68,1.0
0.68,1.0
0.68,1.8
0.68,1.51
0.68,1.75
2.0,2.0
2.0,2.0
2.0,2.0
2.0,1.0
2.0,1.0
2.0,1.0
2.0,2.33
2.0,2.33
2.0,2.33
1.0,1.34
1.0,1.34
1.0,1.34
1.0,1.0
1.0,1.0
1.0,1.0
1.0,2.33
1.0,2.33
1.0,2.33
0.68,2.25
0.68,2.25
0.68,2.25
0.68,1.0
0.68,1.0
0.68,1.0
0.68,2.33
0.68,2.33
0.68,2.33
2.0,2.0
2.0,2.0
2.0,2.0
2.0,1.0
2.0,1.0
2.0,1.0
2.0,4.92
2.0,4.92
2.0,4.92
1.0,1.34
1.0,1.34
1.0,1.34
1.0,1.0
1.0,1.0
1.0,1.0
1.0,4.92
1.0,4.92
1.0,4.92
0.68,4.89
0.68,4.89
0.68,4.89
0.68,1.0
0.68,1.0
0.68,1.0
0.68,4.92
0.68,4.92
0.68,4.92
2.0,2.0
2.0,2.0
2.0,2.0
2.0,1.0
2.0,1.0
2.0,1.0
2.0,1.99
2.0,1.51
2.0,1.75
1.0,1.34
1.0,1.34
1.0,1.34
1.0,1.0
1.0,1.0
1.0,1.0
1.0,1.56
1.0,1.51
1.0,1.75
0.68,1.8
0.68,1.58
0.68,1.77
0.68,1.0
0.68,1.0
0.68,1.0
0.68,1.8
0.68,1.51
0.68,1.75
2.0,2.0
2.0,2.0
2.0,2.0
2.0,1.0
2.0,1.0
2.0,1.0
2.0,2.33
2.0,2.33
2.0,2.33
1.0,1.34
1.0,1.34
1.0,1.34
1.0,1.0
1.0,1.0
1.0,1.0
1.0,2.33
1.0,2.33
1.0,2.33
0.68,2.25
0.68,2.25
0.68,2.25
0.68,1.0
0.68,1.0
0.68,1.0
0.68,2.33
0.68,2.33
0.68,2.33
2.0,2.0
2.0,2.0
2.0,2.0
2.0,1.0
2.0,1.0
2.0,1.0
2.0,3.32
2.0,3.32
2.0,3.32
1.0,1.34
1.0,1.34
1.0,1.34
1.0,1.0
1.0,1.0
1.0,1.0
1.0,3.32
1.0,3.32
1.0,3.32
0.68,3.29
0.68,3.29
0.68,3.29
0.68,1.0
0.68,1.0
0.68,1.0
0.68,3.32
0.68,3.32
0.68,3.32
2.0,2.0
2.0,2.0
2.0,2.0
2.0,1.0
2.0,1.0
2.0,1.0
2.0,1.99
2.0,1.51
2.0,1.75
1.0,1.34
1.0,1.34
1.0,1.34
1.0,1.0
1.0,1.0
1.0,1.0
1.0,1.56
1.0,1.51
1.0,1.75
0.68,1.8
0.68,1.58
0.68,1.77
0.68,1.0
0.68,1.0
0.68,1.0
0.68,1.8
0.68,1.51
0.68,1.75
2.0,2.0
2.0,2.0
2.0,2.0
2.0,2.01
2.0,2.33
2.0,2.33
2.0,2.33
2.0,2.33
2.0,2.33
0.02,2.25
0.02,2.33
0.02,2.28
0.02,2.25
0.02,2.33
0.02,2.33
0.02,2.33
0.02,2.33
0.02,2.33
0.02,2.25
0.02,2.25
0.02,2.25
0.02,2.26
0.02,2.33
0.02,2.33
0.02,2.33
0.02,2.33
0.02,2.33
2.0,2.0
2.0,2.0
2.0,2.0
2.0,2.01
2.0,2.33
2.0,2.97
2.0,2.04
2.0,2.36
2.0,3.0
0.02,2.25
0.02,2.33
0.02,2.97
0.02,2.25
0.02,2.33
0.02,2.97
0.02,2.28
0.02,2.36
0.02,3.0
0.02,2.8
0.02,2.33
0.02,2.97
0.02,2.77
0.02,2.33
0.02,2.97
0.02,2.8
0.02,2.36
0.02,3.0
2.0,2.0
2.0,2.0
2.0,2.0
2.0,2.01
2.0,2.33
2.0,1.77
2.0,1.99
2.0,2.31
2.0,1.75
0.02,2.25
0.02,2.33
0.02,1.77
0.02,2.25
0.02,2.33
0.02,1.77
0.02,2.23
0.02,2.31
0.02,1.75
0.02,1.8
0.02,2.28
0.02,1.77
0.02,1.82
0.02,2.33
0.02,1.77
0.02,1.8
0.02,2.31
0.02,1.75
2.0,2.0
2.0,2.0
2.0,2.0
2.0,4.92
2.0,4.92
2.0,4.92
2.0,2.33
2.0,2.33
2.0,2.33
0.02,4.89
0.02,4.89
0.02,4.89
0.02,4.92
0.02,4.92
0.02,4.92
0.02,2.33
0.02,2.33
0.02,2.33
0.02,2.25
0.02,2.25
0.02,2.25
0.02,4.92
0.02,4.92
0.02,4.92
0.02,2.33
0.02,2.33
0.02,2.33
2.0,2.0
2.0,2.0
2.0,2.0
2.0,4.92
2.0,4.92
2.0,4.92
2.0,4.92
2.0,4.92
2.0,4.92
0.02,4.89
0.02,4.89
0.02,4.89
0.02,4.92
0.02,4.92
0.02,4.92
0.02,4.92
0.02,4.92
0.02,4.92
0.02,4.89
0.02,4.89
0.02,4.89
0.02,4.92
0.02,4.92
0.02,4.92
0.02,4.92
0.02,4.92
0.02,4.92
2.0,2.0
2.0,2.0
2.0,2.0
2.0,4.92
2.0,4.92
2.0,4.92
2.0,1.99
2.0,4.79
2.0,1.75
0.02,4.89
0.02,4.89
0.02,4.89
0.02,4.92
0.02,4.92
0.02,4.92
0.02,4.76
0.02,4.79
0.02,1.75
0.02,1.8
0.02,4.76
0.02,1.77
0.02,4.92
0.02,4.92
0.02,4.92
0.02,1.8
0.02,4.79
0.02,1.75
2.0,2.0
2.0,2.0
2.0,2.0
2.0,2.4
2.0,2.4
2.0,2.4
2.0,2.33
2.0,2.33
2.0,2.33
0.02,2.33
0.02,2.33
0.02,2.33
0.02,2.4
0.02,2.4
0.02,2.4
0.02,2.33
0.02,2.33
0.02,2.33
0.02,2.25
0.02,2.25
0.02,2.25
0.02,2.4
0.02,2.4
0.02,2.4
0.02,2.33
0.02,2.33
0.02,2.33
2.0,2.0
2.0,2.0
2.0,2.0
2.0,3.27
2.0,3.27
2.0,3.27
2.0,3.32
2.0,3.32
2.0,3.32
0.02,3.29
0.02,3.29
0.02,3.29
0.02,3.27
0.02,3.27
0.02,3.27
0.02,3.32
0.02,3.32
0.02,3.32
0.02,3.29
0.02,3.29
0.02,3.29
0.02,3.27
0.02,3.27
0.02,3.27
0.02,3.32
0.02,3.32
0.02,3.32
2.0,2.0
2.0,2.0
2.0,2.0
2.0,2.0
2.0,1.99
2.0,1.75
2.0,1.99
2.0,1.99
2.0,1.75
0.02,2.0
0.02,2.01
0.02,1.77
0.02,1.98
0.02,1.99
0.02,1.75
0.02,1.98
0.02,1.99
0.02,1.75
0.02,1.8
0.02,2.01
0.02,1.77
0.02,1.83
0.02,1.99
0.02,1.75
0.02,1.8
0.02,1.99
0.02,1.75
2.0,2.0
2.0,2.0
2.0,2.0
2.0,1.96
2.0,0.68
2.0,1.48
2.0,2.33
2.0,2.33
2.0,2.33
0.02,1.0
0.02,0.68
0.02,1.58
0.02,1.0
0.02,0.68
0.02,1.48
0.02,2.33
0.02,2.33
0.02,2.33
0.02,2.25
0.02,2.25
0.02,2.25
0.02,1.56
0.02,0.68
0.02,1.48
0.02,2.33
0.02,2.33
0.02,2.33
2.0,2.0
2.0,2.0
2.0,2.0
2.0,1.96
2.0,0.68
2.0,2.92
2.0,2.04
2.0,0.76
2.0,3.0
0.02,1.0
0.02,0.68
0.02,2.92
0.02,1.0
0.02,0.68
0.02,2.92
0.02,1.08
0.02,0.76
0.02,3.0
0.02,2.8
0.02,0.78
0.02,2.97
0.02,2.72
0.02,0.68
0.02,2.92
0.02,2.8
0.02,0.76
0.02,3.0
2.0,2.0
2.0,2.0
2.0,2.0
2.0,1.96
2.0,0.68
2.0,1.72
2.0,1.99
2.0,0.71
2.0,1.75
0.02,1.0
0.02,0.68
0.02,1.72
0.02,1.0
0.02,0.68
0.02,1.72
0.02,1.03
0.02,0.71
0.02,1.75
0.02,1.8
0.02,0.73
0.02,1.77
0.02,1.77
0.02,0.68
0.02,1.72
0.02,1.8
0.02,0.71
0.02,1.75
2.0,2.0
2.0,2.0
2.0,2.0
2.0,1.96
2.0,0.68
2.0,1.48
2.0,2.33
2.0,2.33
2.0,2.33
0.02,1.0
0.02,0.68
0.02,1.58
0.02,1.0
0.02,0.68
0.02,1.48
0.02,2.33
0.02,2.33
0.02,2.33
0.02,2.25
0.02,2.25
0.02,2.25
0.02,1.56
0.02,0.68
0.02,1.48
0.02,2.33
0.02,2.33
0.02,2.33
2.0,2.0
2.0,2.0
2.0,2.0
2.0,1.96
2.0,0.68
2.0,4.79
2.0,4.92
2.0,4.92
2.0,4.92
0.02,1.0
0.02,0.68
0.02,4.76
0.02,1.0
0.02,0.68
0.02,4.79
0.02,4.92
0.02,4.92
0.02,4.92
0.02,4.89
0.02,4.89
0.02,4.89
0.02,4.76
0.02,0.68
0.02,4.79
0.02,4.92
0.02,4.92
0.02,4.92
2.0,2.0
2.0,2.0
2.0,2.0
2.0,1.96
2.0,0.68
2.0,1.72
2.0,1.99
2.0,0.71
2.0,1.75
0.02,1.0
0.02,0.68
0.02,1.72
0.02,1.0
0.02,0.68
0.02,1.72
0.02,1.03
0.02,0.71
0.02,1.75
0.02,1.8
0.02,0.73
0.02,1.77
0.02,1.77
0.02,0.68
0.02,1.72
0.02,1.8
0.02,0.71
0.02,1.75
2.0,2.0
2.0,2.0
2.0,2.0
2.0,1.96
2.0,0.68
2.0,1.48
2.0,2.33
2.0,2.33
2.0,2.33
0.02,1.0
0.02,0.68
0.02,1.58
0.02,1.0
0.02,0.68
0.02,1.48
0.02,2.33
0.02,2.33
0.02,2.33
0.02,2.25
0.02,2.25
0.02,2.25
0.02,1.56
0.02,0.68
0.02,1.48
0.02,2.33
0.02,2.33
0.02,2.33
2.0,2.0
2.0,2.0
2.0,2.0
2.0,1.96
2.0,0.68
2.0,3.24
2.0,3.32
2.0,3.32
2.0,3.32
0.02,1.0
0.02,0.68
0.02,3.21
0.02,1.0
0.02,0.68
0.02,3.24
0.02,3.32
0.02,3.32
0.02,3.32
0.02,3.29
0.02,3.29
0.02,3.29
0.02,3.21
0.02,0.68
0.02,3.24
0.02,3.32
0.02,3.32
0.02,3.32
2.0,2.0
2.0,2.0
2.0,2.0
2.0,1.96
2.0,0.68
2.0,1.72
2.0,1.99
2.0,0.71
2.0,1.75
0.02,1.0
0.02,0.68
0.02,1.72
0.02,1.0
0.02,0.68
0.02,1.72
0.02,1.03
0.02,0.71
0.02,1.75
0.02,1.8
0.02,0.73
0.02,1.77
0.02,1.77
0.02,0.68
0.02,1.72
0.02,1.8
0.02,0.71
0.02,1.75
2.0,2.0
2.0,2.0
2.0,2.0
2.0,1.0
2.0,1.0
2.0,1.0
2.0,2.33
2.0,2.33
2.0,2.33
1.0,1.34
1.0,1.34
1.0,1.34
1.0,1.0
1.0,1.0
1.0,1.0
1.0,2.33
1.0,2.33
1.0,2.33
0.68,2.25
0.68,2.25
0.68,2.25
0.68,1.0
0.68,1.0
0.68,1.0
0.68,2.33
0.68,2.33
0.68,2.33
2.0,2.0
2.0,2.0
2.0,2.0
2.0,1.0
2.0,1.0
2.0,1.0
2.0,2.04
2.0,2.36
2.0,3.0
1.0,1.34
1.0,1.34
1.0,1.34
1.0,1.0
1.0,1.0
1.0,1.0
1.0,2.26
1.0,2.36
1.0,3.0
0.68,2.8
0.68,2.28
0.68,2.97
0.68,1.0
0.68,1.0
0.68,1.0
0.68,2.8
0.68,2.36
0.68,3.0
2.0,2.0
2.0,2.0
2.0,2.0
2.0,1.0
2.0,1.0
2.0,1.0
2.0,1.99
2.0,1.51
2.0,1.75
1.0,1.34
1.0,1.34
1.0,1.34
1.0,1.0
1.0,1.0
1.0,1.0
1.0,1.56
1.0,1.51
1.0,1.75
0.68,1.8
0.68,1.58
0.68,1.77
0.68,1.0
0.68,1.0
0.68,1.0
0.68,1.8
0.68,1.51
0.68,1.75
2.0,2.0
2.0,2.0
2.0,2.0
2.0,1.0
2.0,1.0
2.0,1.0
2.0,2.33
2.0,2.33
2.0,2.33
1.0,1.34
1.0,1.34
1.0,1.34
1.0,1.0
1.0,1.0
1.0,1.0
1.0,2.33
1.0,2.33
1.0,2.33
0.68,2.25
0.68,2.25
0.68,2.25
0.68,1.0
0.68,1.0
0.68,1.0
0.68,2.33
0.68,2.33
0.68,2.33
2.0,2.0
2.0,2.0
2.0,2.0
2.0,1.0
2.0,1.0
2.0,1.0
2.0,4.92
2.0,4.92
2.0,4.92
1.0,1.34
1.0,1.34
1.0,1.34
1.0,1.0
1.0,1.0
1.0,1.0
1.0,4.92
1.0,4.92
1.0,4.92
0.68,4.89
0.68,4.89
0.68,4.89
0.68,1.0
0.68,1.0
0.68,1.0
0.68,4.92
0.68,4.92
0.68,4.92
2.0,2.0
2.0,2.0
2.0,2.0
2.0,1.0
2.0,1.0
2.0,1.0
2.0,1.99
2.0,1.51
2.0,1.75
1.0,1.34
1.0,1.34
1.0,1.34
1.0,1.0
1.0,1.0
1.0,1.0
1.0,1.56
1.0,1.51
1.0,1.75
0.68,1.8
0.68,1.58
0.68,1.77
0.68,1.0
0.68,1.0
0.68,1.0
0.68,1.8
0.68,1.51
0.68,1.75
2.0,2.0
2.0,2.0
2.0,2.0
2.0,1.0
2.0,1.0
2.0,1.0
2.0,2.33
2.0,2.33
2.0,2.33
1.0,1.34
1.0,1.34
1.0,1.34
1.0,1.0
1.0,1.0
1.0,1.0
1.0,2.33
1.0,2.33
1.0,2.33
0.68,2.25
0.68,2.25
0.68,2.25
0.68,1.0
0.68,1.0
0.68,1.0
0.68,2.33
0.68,2.33
0.68,2.33
2.0,2.0
2.0,2.0
2.0,2.0
2.0,1.0
2.0,1.0
2.0,1.0
2.0,3.32
2.0,3.32
2.0,3.32
1.0,1.34
1.0,1.34
1.0,1.34
1.0,1.0
1.0,1.0
1.0,1.0
1.0,3.32
1.0,3.32
1.0,3.32
0.68,3.29
0.68,3.29
0.68,3.29
0.68,1.0
0.68,1.0
0.68,1.0
0.68,3.32
0.68,3.32
0.68,3.32
2.0,2.0
2.0,2.0
2.0,2.0
2.0,1.0
2.0,1.0
2.0,1.0
2.0,1.99
2.0,1.51
2.0,1.75
1.0,1.34
1.0,1.34
1.0,1.34
1.0,1.0
1.0,1.0
1.0,1.0
1.0,1.56
1.0,1.51
1.0,1.75
0.68,1.8
0.68,1.58
0.68,1.77
0.68,1.0
0.68,1.0
0.68,1.0
0.68,1.8
0.68,1.51
0.68,1.75
2.0,2.0
2.0,2.0
2.0,2.0
2.0,2.01
2.0,2.33
2.0,2.33
2.0,2.33
2.0,2.33
2.0,2.33
0.02,2.25
0.02,2.33
0.02,2.28
0.02,2.25
0.02,2.33
0.02,2.33
0.02,2.33
0.02,2.33
0.02,2.33
0.02,2.25
0.02,2.25
0.02,2.25
0.02,2.26
0.02,2.33
0.02,2.33
0.02,2.33
0.02,2.33
0.02,2.33
2.0,2.0
2.0,2.0
2.0,2.0
2.0,2.01
2.0,2.33
2.0,2.97
2.0,2.04
2.0,2.36
2.0,3.0
0.02,2.25
0.02,2.33
0.02,2.97
0.02,2.25
0.02,2.33
0.02,2.97
0.02,2.28
0.02,2.36
0.02,3.0
0.02,2.8
0.02,2.33
0.02,2.97
0.02,2.77
0.02,2.33
0.02,2.97
0.02,2.8
0.02,2.36
0.02,3.0
2.0,2.0
2.0,2.0
2.0,2.0
2.0,2.01
2.0,2.33
2.0,1.77
2.0,1.99
2.0,2.31
2.0,1.75
0.02,2.25
0.02,2.33
0.02,1.77
0.02,2.25
0.02,2.33
0.02,1.77
0.02,2.23
0.02,2.31
0.02,1.75
0.02,1.8
0.02,2.28
0.02,1.77
0.02,1.82
0.02,2.33
0.02,1.77
0.02,1.8
0.02,2.31
0.02,1.75
2.0,2.0
2.0,2.0
2.0,2.0
2.0,4.92
2.0,4.92
2.0,4.92
2.0,2.33
2.0,2.33
2.0,2.33
0.02,4.89
0.02,4.89
0.02,4.89
0.02,4.92
0.02,4.92
0.02,4.92
0.02,2.33
0.02,2.33
0.02,2.33
0.02,2.25
0.02,2.25
0.02,2.25
0.02,4.92
0.02,4.92
0.02,4.92
0.02,2.33
0.02,2.33
0.02,2.33
2.0,2.0
2.0,2.0
2.0,2.0
2.0,4.92
2.0,4.92
2.0,4.92
2.0,4.92
2.0,4.92
2.0,4.92
0.02,4.89
0.02,4.89
0.02,4.89
0.02,4.92
0.02,4.92
0.02,4.92
0.02,4.92
0.02,4.92
0.02,4.92
0.02,4.89
0.02,4.89
0.02,4.89
0.02,4.92
0.02,4.92
0.02,4.92
0.02,4.92
0.02,4.92
0.02,4.92
2.0,2.0
2.0,2.0
2.0,2.0
2.0,4.92
2.0,4.92
2.0,4.92
2.0,1.99
2.0,4.79
2.0,1.75
0.02,4.89
0.02,4.89
0.02,4.89
0.02,4.92
0.02,4.92
0.02,4.92
0.02,4.76
0.02,4.79
0.02,1.75
0.02,1.8
0.02,4.76
0.02,1.77
0.02,4.92
0.02,4.92
0.02,4.92
0.02,1.8
0.02,4.79
0.02,1.75
2.0,2.0
2.0,2.0
2.0,2.0
2.0,2.4
2.0,2.4
2.0,2.4
2.0,2.33
2.0,2.33
2.0,2.33
0.02,2.33
0.02,2.33
0.02,2.33
0.02,2.4
0.02,2.4
0.02,2.4
0.02,2.33
0.02,2.33
0.02,2.33
0.02,2.25
0.02,2.25
0.02,2.25
0.02,2.4
0.02,2.4
0.02,2.4
0.02,2.33
0.02,2.33
0.02,2.33
2.0,2.0
2.0,2.0
2.0,2.0
2.0,3.27
2.0,3.27
2.0,3.27
2.0,3.32
2.0,3.32
2.0,3.32
0.02,3.29
0.02,3.29
0.02,3.29
0.02,3.27
0.02,3.27
0.02,3.27
0.02,3.32
0.02,3.32
0.02,3.32
0.02,3.29
0.02,3.29
0.02,3.29
0.02,3.27
0.02,3.27
0.02,3.27
0.02,3.32
0.02,3.32
0.02,3.32
2.0,2.0
2.0,2.0
2.0,2.0
2.0,2.0
2.0,1.99
2.0,1.75
2.0,1.99
2.0,1.99
2.0,1.75
0.02,2.0
0.02,2.01
0.02,1.77
0.02,1.98
0.02,1.99
0.02,1.75
0.02,1.98
0.02,1.99
0.02,1.75
0.02,1.8
0.02,2.01
0.02,1.77
0.02,1.83
0.02,1.99
0.02,1.75
0.02,1.8
0.02,1.99
0.02,1.75
2.0,2.0
2.0,2.0
2.0,2.0
2.0,1.96
2.0,0.68
2.0,1.48
2.0,2.33
2.0,2.33
2.0,2.33
0.02,1.0
0.02,0.68
0.02,1.58
0.02,1.0
0.02,0.68
0.02,1.48
0.02,2.33
0.02,2.33
0.02,2.33
0.02,2.25
0.02,2.25
0.02,2.25
0.02,1.56
0.02,0.68
0.02,1.48
0.02,2.33
0.02,2.33
0.02,2.33
2.0,2.0
2.0,2.0
2.0,2.0
2.0,1.96
2.0,0.68
2.0,2.92
2.0,2.04
2.0,0.76
2.0,3.0
0.02,1.0
0.02,0.68
0.02,2.92
0.02,1.0
0.02,0.68
0.02,2.92
0.02,1.08
0.02,0.76
0.02,3.0
0.02,2.8
0.02,0.78
0.02,2.97
0.02,2.72
0.02,0.68
0.02,2.92
0.02,2.8
0.02,0.76
0.02,3.0
2.0,2.0
2.0,2.0
2.0,2.0
2.0,1.96
2.0,0.68
2.0,1.72
2.0,1.99
2.0,0.71
2.0,1.75
0.02,1.0
0.02,0.68
0.02,1.72
0.02,1.0
0.02,0.68
0.02,1.72
0.02,1.03
0.02,0.71
0.02,1.75
0.02,1.8
0.02,0.73
0.02,1.77
0.02,1.77
0.02,0.68
0.02,1.72
0.02,1.8
0.02,0.71
0.02,1.75
2.0,2.0
2.0,2.0
2.0,2.0
2.0,1.96
2.0,0.68
2.0,1.48
2.0,2.33
2.0,2.33
2.0,2.33
0.02,1.0
0.02,0.68
0.02,1.58
0.02,1.0
0.02,0.68
0.02,1.48
0.02,2.33
0.02,2.33
0.02,2.33
0.02,2.25
0.02,2.25
0.02,2.25
0.02,1.56
0.02,0.68
0.02,1.48
0.02,2.33
0.02,2.33
0.02,2.33
2.0,2.0
2.0,2.0
2.0,2.0
2.0,1.96
2.0,0.68
2.0,4.79
2.0,4.92
2.0,4.92
2.0,4.92
0.02,1.0
0.02,0.68
0.02,4.76
0.02,1.0
0.02,0.68
0.02,4.79
0.02,4.92
0.02,4.92
0.02,4.92
0.02,4.89
0.02,4.89
0.02,4.89
0.02,4.76
0.02,0.68
0.02,4.79
0.02,4.92
0.02,4.92
0.02,4.92
2.0,2.0
2.0,2.0
2.0,2.0
2.0,1.96
2.0,0.68
2.0,1.72
2.0,1.99
2.0,0.71
2.0,1.75
0.02,1.0
0.02,0.68
0.02,1.72
0.02,1.0
0.02,0.68
0.02,1.72
0.02,1.03
0.02,0.71
0.02,1.75
0.02,1.8
0.02,0.73
0.02,1.77
0.02,1.77
0.02,0.68
0.02,1.72
0.02,1.8
0.02,0.71
0.02,1.75
2.0,2.0
2.0,2.0
2.0,2.0
2.0,1.96
2.0,0.68
2.0,1.48
2.0,2.33
2.0,2.33
2.0,2.33
0.02,1.0
0.02,0.68
0.02,1.58
0.02,1.0
0.02,0.68
0.02,1.48
0.02,2.33
0.02,2.33
0.02,2.33
0.02,2.25
0.02,2.25
0.02,2.25
0.02,1.56
0.02,0.68
0.02,1.48
0.02,2.33
0.02,2.33
0.02,2.33
2.0,2.0
2.0,2.0
2.0,2.0
2.0,1.96
2.0,0.68
2.0,3.24
2.0,3.32
2.0,3.32
2.0,3.32
0.02,1.0
0.02,0.68
0.02,3.21
0.02,1.0
0.02,0.68
0.02,3.24
0.02,3.32
0.02,3.32
0.02,3.32
0.02,3.29
0.02,3.29
0.02,3.29
0.02,3.21
0.02,0.68
0.02,3.24
0.02,3.32
0.02,3.32
0.02,3.32
2.0,2.0
2.0,2.0
2.0,2.0
2.0,1.96
2.0,0.68
2.0,1.72
2.0,1.99
2.0,0.71
2.0,1.75
0.02,1.0
0.02,0.68
0.02,1.72
0.02,1.0
0.02,0.68
0.02,1.72
0.02,1.03
0.02,0.71
0.02,1.75
0.02,1.8
0.02,0.73
0.02,1.77
0.02,1.77
0.02,0.68
0.02,1.72
0.02,1.8
0.02,0.71
0.02,1.75
2.0,2.0
2.0,2.0
2.0,2.0
2.0,1.0
2.0,1.0
2.0,1.0
2.0,2.33
2.0,2.33
2.0,2.33
1.0,1.34
1.0,1.34
1.0,1.34
1.0,1.0
1.0,1.0
1.0,1.0
1.0,2.33
1.0,2.33
1.0,2.33
0.68,2.25
0.68,2.25
0.68,2.25
0.68,1.0
0.68,1.0
0.68,1.0
0.68,2.33
0.68,2.33
0.68,2.33
2.0,2.0
2.0,2.0
2.0,2.0
2.0,1.0
2.0,1.0
2.0,1.0
2.0,2.04
2.0,2.36
2.0,3.0
1.0,1.34
1.0,1.34
1.0,1.34
1.0,1.0
1.0,1.0
1.0,1.0
1.0,2.26
1.0,2.36
1.0,3.0
0.68,2.8
0.68,2.28
0.68,2.97
0.68,1.0
0.68,1.0
0.68,1.0
0.68,2.8
0.68,2.36
0.68,3.0
2.0,2.0
2.0,2.0
2.0,2.0
2.0,1.0
2.0,1.0
2.0,1.0
2.0,2.47
2.0,2.47
2.0,2.47
1.0,1.34
1.0,1.34
1.0,1.34
1.0,1.0
1.0,1.0
1.0,1.0
1.0,2.47
1.0,2.47
1.0,2.47
0.68,2.49
0.68,2.49
0.68,2.49
0.68,1.0
0.68,1.0
0.68,1.0
0.68,2.47
0.68,2.47
0.68,2.47
2.0,2.0
2.0,2.0
2.0,2.0
2.0,1.0
2.0,1.0
2.0,1.0
2.0,2.33
2.0,2.33
2.0,2.33
1.0,1.34
1.0,1.34
1.0,1.34
1.0,1.0
1.0,1.0
1.0,1.0
1.0,2.33
1.0,2.33
1.0,2.33
0.68,2.25
0.68,2.25
0.68,2.25
0.68,1.0
0.68,1.0
0.68,1.0
0.68,2.33
0.68,2.33
0.68,2.33
2.0,2.0
2.0,2.0
2.0,2.0
2.0,1.0
2.0,1.0
2.0,1.0
2.0,4.92
2.0,4.92
2.0,4.92
1.0,1.34
1.0,1.34
1.0,1.34
1.0,1.0
1.0,1.0
1.0,1.0
1.0,4.92
1.0,4.92
1.0,4.92
0.68,4.89
0.68,4.89
0.68,4.89
0.68,1.0
0.68,1.0
0.68,1.0
0.68,4.92
0.68,4.92
0.68,4.92
2.0,2.0
2.0,2.0
2.0,2.0
2.0,1.0
2.0,1.0
2.0,1.0
2.0,2.47
2.0,2.47
2.0,2.47
1.0,1.34
1.0,1.34
1.0,1.34
1.0,1.0
1.0,1.0
1.0,1.0
1.0,2.47
1.0,2.47
1.0,2.47
0.68,2.49
0.68,2.49
0.68,2.49
0.68,1.0
0.68,1.0
0.68,1.0
0.68,2.47
0.68,2.47
0.68,2.47
2.0,2.0
2.0,2.0
2.0,2.0
2.0,1.0
2.0,1.0
2.0,1.0
2.0,2.33
2.0,2.33
2.0,2.33
1.0,1.34
1.0,1.34
1.0,1.34
1.0,1.0
1.0,1.0
1.0,1.0
1.0,2.33
1.0,2.33
1.0,2.33
0.68,2.25
0.68,2.25
0.68,2.25
0.68,1.0
0.68,1.0
0.68,1.0
0.68,2.33
0.68,2.33
0.68,2.33
2.0,2.0
2.0,2.0
2.0,2.0
2.0,1.0
2.0,1.0
2.0,1.0
2.0,3.32
2.0,3.32
2.0,3.32
1.0,1.34
1.0,1.34
1.0,1.34
1.0,1.0
1.0,1.0
1.0,1.0
1.0,3.32
1.0,3.32
1.0,3.32
0.68,3.29
0.68,3.29
0.68,3.29
0.68,1.0
0.68,1.0
0.68,1.0
0.68,3.32
0.68,3.32
0.68,3.32
2.0,2.0
2.0,2.0
2.0,2.0
2.0,1.0
2.0,1.0
2.0,1.0
2.0,2.47
2.0,2.47
2.0,2.47
1.0,1.34
1.0,1.34
1.0,1.34
1.0,1.0
1.0,1.0
1.0,1.0
1.0,2.47
1.0,2.47
1.0,2.47
0.68,2.49
0.68,2.49
0.68,2.49
0.68,1.0
0.68,1.0
0.68,1.0
0.68,2.47
0.68,2.47
0.68,2.47
2.0,2.0
2.0,2.0
2.0,2.0
2.0,2.01
2.0,2.33
2.0,2.33
2.0,2.33
2.0,2.33
2.0,2.33
0.02,2.25
0.02,2.33
0.02,2.28
0.02,2.25
0.02,2.33
0.02,2.33
0.02,2.33
0.02,2.33
0.02,2.33
0.02,2.25
0.02,2.25
0.02,2.25
0.02,2.26
0.02,2.33
0.02,2.33
0.02,2.33
0.02,2.33
0.02,2.33
2.0,2.0
2.0,2.0
2.0,2.0
2.0,2.01
2.0,2.33
2.0,2.97
2.0,2.04
2.0,2.36
2.0,3.0
0.02,2.25
0.02,2.33
0.02,2.97
0.02,2.25
0.02,2.33
0.02,2.97
0.02,2.28
0.02,2.36
0.02,3.0
0.02,2.8
0.02,2.33
0.02,2.97
0.02,2.77
0.02,2.33
0.02,2.97
0.02,2.8
0.02,2.36
0.02,3.0
2.0,2.0
2.0,2.0
2.0,2.0
2.0,2.01
2.0,2.33
2.0,2.49
2.0,2.47
2.0,2.47
2.0,2.47
0.02,2.25
0.02,2.33
0.02,2.46
0.02,2.25
0.02,2.33
0.02,2.49
0.02,2.47
0.02,2.47
0.02,2.47
0.02,2.49
0.02,2.49
0.02,2.49
0.02,2.46
0.02,2.33
0.02,2.49
0.02,2.47
0.02,2.47
0.02,2.47
2.0,2.0
2.0,2.0
2.0,2.0
2.0,4.92
2.0,4.92
2.0,4.92
2.0,2.33
2.0,2.33
2.0,2.33
0.02,4.89
0.02,4.89
0.02,4.89
0.02,4.92
0.02,4.92
0.02,4.92
0.02,2.33
0.02,2.33
0.02,2.33
0.02,2.25
0.02,2.25
0.02,2.25
0.02,4.92
0.02,4.92
0.02,4.92
0.02,2.33
0.02,2.33
0.02,2.33
2.0,2.0
2.0,2.0
2.0,2.0
2.0,4.92
2.0,4.92
2.0,4.92
2.0,4.92
2.0,4.92
2.0,4.92
0.02,4.89
0.02,4.89
0.02,4.89
0.02,4.92
0.02,4.92
0.02,4.92
0.02,4.92
0.02,4.92
0.02,4.92
0.02,4.89
0.02,4.89
0.02,4.89
0.02,4.92
0.02,4.92
0.02,4.92
0.02,4.92
0.02,4.92
0.02,4.92
2.0,2.0
2.0,2.0
2.0,2.0
2.0,4.92
2.0,4.92
2.0,4.92
2.0,2.47
2.0,2.47
2.0,2.47
0.02,4.89
0.02,4.89
0.02,4.89
0.02,4.92
0.02,4.92
0.02,4.92
0.02,2.47
0.02,2.47
0.02,2.47
0.02,2.49
0.02,2.49
0.02,2.49
0.02,4.92
0.02,4.92
0.02,4.92
0.02,2.47
0.02,2.47
0.02,2.47
2.0,2.0
2.0,2.0
2.0,2.0
2.0,2.4
2.0,2.4
2.0,2.4
2.0,2.33
2.0,2.33
2.0,2.33
0.02,2.33
0.02,2.33
0.02,2.33
0.02,2.4
0.02,2.4
0.02,2.4
0.02,2.33
0.02,2.33
0.02,2.33
0.02,2.25
0.02,2.25
0.02,2.25
0.02,2.4
0.02,2.4
0.02,2.4
0.02,2.33
0.02,2.33
0.02,2.33
2.0,2.0
2.0,2.0
2.0,2.0
2.0,3.27
2.0,3.27
2.0,3.27
2.0,3.32
2.0,3.32
2.0,3.32
0.02,3.29
0.02,3.29
0.02,3.29
0.02,3.27
0.02,3.27
0.02,3.27
0.02,3.32
0.02,3.32
0.02,3.32
0.02,3.29
0.02,3.29
0.02,3.29
0.02,3.27
0.02,3.27
0.02,3.27
0.02,3.32
0.02,3.32
0.02,3.32
2.0,2.0
2.0,2.0
2.0,2.0
2.0,2.47
2.0,2.47
2.0,2.47
2.0,2.47
2.0,2.47
2.0,2.47
0.02,2.49
0.02,2.49
0.02,2.49
0.02,2.47
0.02,2.47
0.02,2.47
0.02,2.47
0.02,2.47
0.02,2.47
0.02,2.49
0.02,2.49
0.02,2.49
0.02,2.47
0.02,2.47
0.02,2.47
0.02,2.47
0.02,2.47
0.02,2.47
2.0,2.0
2.0,2.0
2.0,2.0
2.0,1.75
2.0,1.75
2.0,1.75
2.0,2.33
2.0,2.33
2.0,2.33
0.02,1.8
0.02,1.8
0.02,1.8
0.02,1.75
0.02,1.75
0.02,1.75
0.02,2.33
0.02,2.33
0.02,2.33
0.02,2.25
0.02,2.25
0.02,2.25
0.02,1.75
0.02,1.75
0.02,1.75
0.02,2.33
0.02,2.33
0.02,2.33
2.0,2.0
2.0,2.0
2.0,2.0
2.0,2.02
2.0,2.4
2.0,2.95
2.0,2.04
2.0,2.42
2.0,3.0
0.02,2.28
0.02,2.37
0.02,2.92
0.02,2.31
0.02,2.4
0.02,2.95
0.02,2.36
0.02,2.42
0.02,3.0
0.02,2.8
0.02,2.42
0.02,2.97
0.02,2.78
0.02,2.4
0.02,2.95
0.02,2.8
0.02,2.42
0.02,3.0
2.0,2.0
2.0,2.0
2.0,2.0
2.0,2.47
2.0,2.47
2.0,2.47
2.0,2.47
2.0,2.47
2.0,2.47
0.02,2.44
0.02,2.44
0.02,2.44
0.02,2.47
0.02,2.47
0.02,2.47
0.02,2.47
0.02,2.47
0.02,2.47
0.02,2.49
0.02,2.49
0.02,2.49
0.02,2.47
0.02,2.47
0.02,2.47
0.02,2.47
0.02,2.47
0.02,2.47
2.0,2.0
2.0,2.0
2.0,2.0
2.0,1.75
2.0,1.75
2.0,1.75
2.0,2.33
2.0,2.33
2.0,2.33
0.02,1.8
0.02,1.8
0.02,1.8
0.02,1.75
0.02,1.75
0.02,1.75
0.02,2.33
0.02,2.33
0.02,2.33
0.02,2.25
0.02,2.25
0.02,2.25
0.02,1.75
0.02,1.75
0.02,1.75
0.02,2.33
0.02,2.33
0.02,2.33
2.0,2.0
2.0,2.0
2.0,2.0
2.0,4.87
2.0,4.87
2.0,4.87
2.0,4.92
2.0,4.92
2.0,4.92
0.02,4.84
0.02,4.84
0.02,4.84
0.02,4.87
0.02,4.87
0.02,4.87
0.02,4.92
0.02,4.92
0.02,4.92
0.02,4.89
0.02,4.89
0.02,4.89
0.02,4.87
0.02,4.87
0.02,4.87
0.02,4.92
0.02,4.92
0.02,4.92
2.0,2.0
2.0,2.0
2.0,2.0
2.0,2.47
2.0,2.47
2.0,2.47
2.0,2.47
2.0,2.47
2.0,2.47
0.02,2.44
0.02,2.44
0.02,2.44
0.02,2.47
0.02,2.47
0.02,2.47
0.02,2.47
0.02,2.47
0.02,2.47
0.02,2.49
0.02,2.49
0.02,2.49
0.02,2.47
0.02,2.47
0.02,2.47
0.02,2.47
0.02,2.47
0.02,2.47
2.0,2.0
2.0,2.0
2.0,2.0
2.0,1.75
2.0,1.75
2.0,1.75
2.0,2.33
2.0,2.33
2.0,2.33
0.02,1.8
0.02,1.8
0.02,1.8
0.02,1.75
0.02,1.75
0.02,1.75
0.02,2.33
0.02,2.33
0.02,2.33
0.02,2.25
0.02,2.25
0.02,2.25
0.02,1.75
0.02,1.75
0.02,1.75
0.02,2.33
0.02,2.33
0.02,2.33
2.0,2.0
2.0,2.0
2.0,2.0
2.0,3.27
2.0,3.27
2.0,3.27
2.0,3.32
2.0,3.32
2.0,3.32
0.02,3.24
0.02,3.24
0.02,3.24
0.02,3.27
0.02,3.27
0.02,3.27
0.02,3.32
0.02,3.32
0.02,3.32
0.02,3.29
0.02,3.29
0.02,3.29
0.02,3.27
0.02,3.27
0.02,3.27
0.02,3.32
0.02,3.32
0.02,3.32
2.0,2.0
2.0,2.0
2.0,2.0
2.0,2.47
2.0,2.47
2.0,2.47
2.0,2.47
2.0,2.47
2.0,2.47
0.02,2.44
0.02,2.44
0.02,2.44
0.02,2.47
0.02,2.47
0.02,2.47
0.02,2.47
0.02,2.47
0.02,2.47
0.02,2.49
0.02,2.49
0.02,2.49
0.02,2.47
0.02,2.47
0.02,2.47
0.02,2.47
0.02,2.47
0.02,2.47
2.0,2.0
2.0,2.0
2.0,2.0
2.0,1.0
2.0,1.0
2.0,1.0
2.0,2.33
2.0,2.33
2.0,2.33
1.0,1.34
1.0,1.34
1.0,1.34
1.0,1.0
1.0,1.0
1.0,1.0
1.0,2.33
1.0,2.33
1.0,2.33
0.68,2.25
0.68,2.25
0.68,2.25
0.68,1.0
0.68,1.0
0.68,1.0
0.68,2.33
0.68,2.33
0.68,2.33
2.0,2.0
2.0,2.0
2.0,2.0
2.0,1.0
2.0,1.0
2.0,1.0
2.0,2.04
2.0,2.36
2.0,3.0
1.0,1.34
1.0,1.34
1.0,1.34
1.0,1.0
1.0,1.0
1.0,1.0
1.0,2.26
1.0,2.36
1.0,3.0
0.68,2.8
0.68,2.28
0.68,2.97
0.68,1.0
0.68,1.0
0.68,1.0
0.68,2.8
0.68,2.36
0.68,3.0
2.0,2.0
2.0,2.0
2.0,2.0
2.0,1.0
2.0,1.0
2.0,1.0
2.0,2.47
2.0,2.47
2.0,2.47
1.0,1.34
1.0,1.34
1.0,1.34
1.0,1.0
1.0,1.0
1.0,1.0
1.0,2.47
1.0,2.47
1.0,2.47
0.68,2.49
0.68,2.49
0.68,2.49
0.68,1.0
0.68,1.0
0.68,1.0
0.68,2.47
0.68,2.47
0.68,2.47
2.0,2.0
2.0,2.0
2.0,2.0
2.0,1.0
2.0,1.0
2.0,1.0
2.0,2.33
2.0,2.33
2.0,2.33
1.0,1.34
1.0,1.34
1.0,1.34
1.0,1.0
1.0,1.0
1.0,1.0
1.0,2.33
1.0,2.33
1.0,2.33
0.68,2.25
0.68,2.25
0.68,2.25
0.68,1.0
0.68,1.0
0.68,1.0
0.68,2.33
0.68,2.33
0.68,2.33
2.0,2.0
2.0,2.0
2.0,2.0
2.0,1.0
2.0,1.0
2.0,1.0
2.0,4.92
2.0,4.92
2.0,4.92
1.0,1.34
1.0,1.34
1.0,1.34
1.0,1.0
1.0,1.0
1.0,1.0
1.0,4.92
1.0,4.92
1.0,4.92
0.68,4.89
0.68,4.89
0.68,4.89
0.68,1.0
0.68,1.0
0.68,1.0
0.68,4.92
0.68,4.92
0.68,4.92
2.0,2.0
2.0,2.0
2.0,2.0
2.0,1.0
2.0,1.0
2.0,1.0
2.0,2.47
2.0,2.47
2.0,2.47
1.0,1.34
1.0,1.34
1.0,1.34
1.0,1.0
1.0,1.0
1.0,1.0
1.0,2.47
1.0,2.47
1.0,2.47
0.68,2.49
0.68,2.49
0.68,2.49
0.68,1.0
0.68,1.0
0.68,1.0
0.68,2.47
0.68,2.47
0.68,2.47
2.0,2.0
2.0,2.0
2.0,2.0
2.0,1.0
2.0,1.0
2.0,1.0
2.0,2.33
2.0,2.33
2.0,2.33
1.0,1.34
1.0,1.34
1.0,1.34
1.0,1.0
1.0,1.0
1.0,1.0
1.0,2.33
1.0,2.33
1.0,2.33
0.68,2.25
0.68,2.25
0.68,2.25
0.68,1.0
0.68,1.0
0.68,1.0
0.68,2.33
0.68,2.33
0.68,2.33
2.0,2.0
2.0,2.0
2.0,2.0
2.0,1.0
2.0,1.0
2.0,1.0
2.0,3.32
2.0,3.32
2.0,3.32
1.0,1.34
1.0,1.34
1.0,1.34
1.0,1.0
1.0,1.0
1.0,1.0
1.0,3.32
1.0,3.32
1.0,3.32
0.68,3.29
0.68,3.29
0.68,3.29
0.68,1.0
0.68,1.0
0.68,1.0
0.68,3.32
0.68,3.32
0.68,3.32
2.0,2.0
2.0,2.0
2.0,2.0
2.0,1.0
2.0,1.0
2.0,1.0
2.0,2.47
2.0,2.47
2.0,2.47
1.0,1.34
1.0,1.34
1.0,1.34
1.0,1.0
1.0,1.0
1.0,1.0
1.0,2.47
1.0,2.47
1.0,2.47
0.68,2.49
0.68,2.49
0.68,2.49
0.68,1.0
0.68,1.0
0.68,1.0
0.68,2.47
0.68,2.47
0.68,2.47
2.0,2.0
2.0,2.0
2.0,2.0
2.0,2.01
2.0,2.33
2.0,2.33
2.0,2.33
2.0,2.33
2.0,2.33
0.02,2.25
0.02,2.33
0.02,2.28
0.02,2.25
0.02,2.33
0.02,2.33
0.02,2.33
0.02,2.33
0.02,2.33
0.02,2.25
0.02,2.25
0.02,2.25
0.02,2.26
0.02,2.33
0.02,2.33
0.02,2.33
0.02,2.33
0.02,2.33
2.0,2.0
2.0,2.0
2.0,2.0
2.0,2.01
2.0,2.33
2.0,2.97
2.0,2.04
2.0,2.36
2.0,3.0
0.02,2.25
0.02,2.33
0.02,2.97
0.02,2.25
0.02,2.33
0.02,2.97
0.02,2.28
0.02,2.36
0.02,3.0
0.02,2.8
0.02,2.33
0.02,2.97
0.02,2.77
0.02,2.33
0.02,2.97
0.02,2.8
0.02,2.36
0.02,3.0
2.0,2.0
2.0,2.0
2.0,2.0
2.0,2.01
2.0,2.33
2.0,2.49
2.0,2.47
2.0,2.47
2.0,2.47
0.02,2.25
0.02,2.33
0.02,2.46
0.02,2.25
0.02,2.33
0.02,2.49
0.02,2.47
0.02,2.47
0.02,2.47
0.02,2.49
0.02,2.49
0.02,2.49
0.02,2.46
0.02,2.33
0.02,2.49
0.02,2.47
0.02,2.47
0.02,2.47
2.0,2.0
2.0,2.0
2.0,2.0
2.0,4.92
2.0,4.92
2.0,4.92
2.0,2.33
2.0,2.33
2.0,2.33
0.02,4.89
0.02,4.89
0.02,4.89
0.02,4.92
0.02,4.92
0.02,4.92
0.02,2.33
0.02,2.33
0.02,2.33
0.02,2.25
0.02,2.25
0.02,2.25
0.02,4.92
0.02,4.92
0.02,4.92
0.02,2.33
0.02,2.33
0.02,2.33
2.0,2.0
2.0,2.0
2.0,2.0
2.0,4.92
2.0,4.92
2.0,4.92
2.0,4.92
2.0,4.92
2.0,4.92
0.02,4.89
0.02,4.89
0.02,4.89
0.02,4.92
0.02,4.92
0.02,4.92
0.02,4.92
0.02,4.92
0.02,4.92
0.02,4.89
0.02,4.89
0.02,4.89
0.02,4.92
0.02,4.92
0.02,4.92
0.02,4.92
0.02,4.92
0.02,4.92
2.0,2.0
2.0,2.0
2.0,2.0
2.0,4.92
2.0,4.92
2.0,4.92
2.0,2.47
2.0,2.47
2.0,2.47
0.02,4.89
0.02,4.89
0.02,4.89
0.02,4.92
0.02,4.92
0.02,4.92
0.02,2.47
0.02,2.47
0.02,2.47
0.02,2.49
0.02,2.49
0.02,2.49
0.02,4.92
0.02,4.92
0.02,4.92
0.02,2.47
0.02,2.47
0.02,2.47
2.0,2.0
2.0,2.0
2.0,2.0
2.0,2.4
2.0,2.4
2.0,2.4
2.0,2.33
2.0,2.33
2.0,2.33
0.02,2.33
0.02,2.33
0.02,2.33
0.02,2.4
0.02,2.4
0.02,2.4
0.02,2.33
0.02,2.33
0.02,2.33
0.02,2.25
0.02,2.25
0.02,2.25
0.02,2.4
0.02,2.4
0.02,2.4
0.02,2.33
0.02,2.33
0.02,2.33
2.0,2.0
2.0,2.0
2.0,2.0
2.0,3.27
2.0,3.27
2.0,3.27
2.0,3.32
2.0,3.32
2.0,3.32
0.02,3.29
0.02,3.29
0.02,3.29
0.02,3.27
0.02,3.27
0.02,3.27
0.02,3.32
0.02,3.32
0.02,3.32
0.02,3.29
0.02,3.29
0.02,3.29
0.02,3.27
0.02,3.27
0.02,3.27
0.02,3.32
0.02,3.32
0.02,3.32
2.0,2.0
2.0,2.0
2.0,2.0
2.0,2.47
2.0,2.47
2.0,2.47
2.0,2.47
2.0,2.47
2.0,2.47
0.02,2.49
0.02,2.49
0.02,2.49
0.02,2.47
0.02,2.47
0.02,2.47
0.02,2.47
0.02,2.47
0.02,2.47
0.02,2.49
0.02,2.49
0.02,2.49
0.02,2.47
0.02,2.47
0.02,2.47
0.02,2.47
0.02,2.47
0.02,2.47
2.0,2.0
2.0,2.0
2.0,2.0
2.0,1.75
2.0,1.75
2.0,1.75
2.0,2.33
2.0,2.33
2.0,2.33
0.02,1.8
0.02,1.8
0.02,1.8
0.02,1.75
0.02,1.75
0.02,1.75
0.02,2.33
0.02,2.33
0.02,2.33
0.02,2.25
0.02,2.25
0.02,2.25
0.02,1.75
0.02,1.75
0.02,1.75
0.02,2.33
0.02,2.33
0.02,2.33
2.0,2.0
2.0,2.0
2.0,2.0
2.0,2.02
2.0,2.4
2.0,2.95
2.0,2.04
2.0,2.42
2.0,3.0
0.02,2.28
