0.0,2.31
0.0,2.31
0.0,2.31
0.0,3.3
0.0,3.3
0.0,3.3
0.0,3.3
0.0,3.3
0.0,3.3
0.0,3.3
0.0,3.3
0.0,3.3
0.0,3.3
0.0,3.3
0.0,3.3
0.0,3.3
0.0,3.3
0.0,3.3
0.0,3.3
0.0,3.3
0.0,3.3
0.0,3.3
0.0,3.3
0.0,3.3
0.0,3.3
0.0,3.3
0.0,3.3
0.0,3.3
0.0,3.3
0.0,3.3
0.0,2.5
0.0,2.5
0.0,2.5
0.0,2.5
0.0,2.5
0.0,2.5
0.0,2.5
0.0,2.5
0.0,2.5
0.0,2.5
0.0,2.5
0.0,2.5
0.0,2.5
0.0,2.5
0.0,2.5
0.0,2.5
0.0,2.5
0.0,2.5
0.0,2.5
0.0,2.5
0.0,2.5
0.0,2.5
0.0,2.5
0.0,2.5
0.0,2.5
0.0,2.5
0.0,2.5
0.0,2.01
0.0,2.01
0.0,2.01
0.0,1.75
0.0,1.75
0.0,1.75
0.0,2.31
0.0,2.31
0.0,2.31
0.0,1.8
0.0,1.8
0.0,1.8
0.0,1.75
0.0,1.75
0.0,1.75
0.0,2.31
0.0,2.31
0.0,2.31
0.0,2.25
0.0,2.25
0.0,2.25
0.0,1.75
0.0,1.75
0.0,1.75
0.0,2.31
0.0,2.31
0.0,2.31
0.0,2.04
0.0,2.4
0.0,3.0
0.0,2.04
0.0,2.4
0.0,3.0
0.0,2.04
0.0,2.4
0.0,3.0
0.0,2.36
0.0,2.4
0.0,3.0
0.0,2.36
0.0,2.4
0.0,3.0
0.0,2.36
0.0,2.4
0.0,3.0
0.0,2.8
0.0,2.4
0.0,3.0
0.0,2.8
0.0,2.4
0.0,3.0
0.0,2.8
0.0,2.4
0.0,3.0
0.0,2.5
0.0,2.5
0.0,2.5
0.0,2.5
0.0,2.5
0.0,2.5
0.0,2.5
0.0,2.5
0.0,2.5
0.0,2.5
0.0,2.5
0.0,2.5
0.0,2.5
0.0,2.5
0.0,2.5
0.0,2.5
0.0,2.5
0.0,2.5
0.0,2.5
0.0,2.5
0.0,2.5
0.0,2.5
0.0,2.5
0.0,2.5
0.0,2.5
0.0,2.5
0.0,2.5
0.0,2.01
0.0,2.01
0.0,2.01
0.0,1.75
0.0,1.75
0.0,1.75
0.0,2.31
0.0,2.31
0.0,2.31
0.0,1.8
0.0,1.8
0.0,1.8
0.0,1.75
0.0,1.75
0.0,1.75
0.0,2.31
0.0,2.31
0.0,2.31
0.0,2.25
0.0,2.25
0.0,2.25
0.0,1.75
0.0,1.75
0.0,1.75
0.0,2.31
0.0,2.31
0.0,2.31
0.0,4.95
0.0,4.95
0.0,4.95
0.0,4.95
0.0,4.95
0.0,4.95
0.0,4.95
0.0,4.95
0.0,4.95
0.0,4.95
0.0,4.95
0.0,4.95
0.0,4.95
0.0,4.95
0.0,4.95
0.0,4.95
0.0,4.95
0.0,4.95
0.0,4.95
0.0,4.95
0.0,4.95
0.0,4.95
0.0,4.95
0.0,4.95
0.0,4.95
0.0,4.95
0.0,4.95
0.0,2.5
0.0,2.5
0.0,2.5
0.0,2.5
0.0,2.5
0.0,2.5
0.0,2.5
0.0,2.5
0.0,2.5
0.0,2.5
0.0,2.5
0.0,2.5
0.0,2.5
0.0,2.5
0.0,2.5
0.0,2.5
0.0,2.5
0.0,2.5
0.0,2.5
0.0,2.5
0.0,2.5
0.0,2.5
0.0,2.5
0.0,2.5
0.0,2.5
0.0,2.5
0.0,2.5
0.0,2.01
0.0,2.01
0.0,2.01
0.0,1.75
0.0,1.75
0.0,1.75
0.0,2.31
0.0,2.31
0.0,2.31
0.0,1.8
0.0,1.8
0.0,1.8
0.0,1.75
0.0,1.75
0.0,1.75
0.0,2.31
0.0,2.31
0.0,2.31
0.0,2.25
0.0,2.25
0.0,2.25
0.0,1.75
0.0,1.75
0.0,1.75
0.0,2.31
0.0,2.31
0.0,2.31
0.0,3.3
0.0,3.3
0.0,3.3
0.0,3.3
0.0,3.3
0.0,3.3
0.0,3.3
0.0,3.3
0.0,3.3
0.0,3.3
0.0,3.3
0.0,3.3
0.0,3.3
0.0,3.3
0.0,3.3
0.0,3.3
0.0,3.3
0.0,3.3
0.0,3.3
0.0,3.3
0.0,3.3
0.0,3.3
0.0,3.3
0.0,3.3
0.0,3.3
0.0,3.3
0.0,3.3
0.0,2.5
0.0,2.5
0.0,2.5
0.0,2.5
0.0,2.5
0.0,2.5
0.0,2.5
0.0,2.5
0.0,2.5
0.0,2.5
0.0,2.5
0.0,2.5
0.0,2.5
0.0,2.5
0.0,2.5
0.0,2.5
0.0,2.5
0.0,2.5
0.0,2.5
0.0,2.5
0.0,2.5
0.0,2.5
0.0,2.5
0.0,2.5
0.0,2.5
0.0,2.5
0.0,2.5
1.96,2.04
1.96,2.02
1.96,2.05
1.96,2.04
1.96,1.06
1.96,1.11
1.96,2.04
1.96,2.34
1.96,2.34
0.98,1.4
0.98,1.38
0.98,1.43
0.98,1.08
0.98,1.06
0.98,1.11
0.98,2.31
0.98,2.34
0.98,2.34
0.66,2.28
0.66,2.26
0.66,2.26
0.66,1.11
0.66,1.06
0.66,1.11
0.66,2.36
0.66,2.34
0.66,2.34
1.96,2.04
1.96,2.02
1.96,2.98
1.96,2.04
1.96,1.06
1.96,2.98
1.96,2.04
1.96,2.34
1.96,2.98
0.98,1.4
0.98,1.38
0.98,2.98
0.98,1.08
0.98,1.06
0.98,2.98
0.98,2.32
0.98,2.34
0.98,2.98
0.66,2.78
0.66,2.32
0.66,2.98
0.66,2.78
0.66,1.06
0.66,2.98
0.66,2.78
0.66,2.34
0.66,2.98
1.96,2.04
1.96,2.02
1.96,3.0
1.96,2.04
1.96,1.06
1.96,3.0
1.96,2.04
1.96,2.46
1.96,3.0
0.98,1.4
0.98,1.38
0.98,3.0
0.98,1.08
0.98,1.06
0.98,3.0
0.98,2.4
0.98,2.46
0.98,3.0
0.66,2.84
0.66,2.38
0.66,3.0
0.66,2.84
0.66,1.06
0.66,3.0
0.66,2.84
0.66,2.46
0.66,3.0
1.96,2.04
1.96,2.02
1.96,2.05
1.96,2.04
1.96,1.06
1.96,1.11
1.96,2.04
1.96,2.34
1.96,2.34
0.98,1.4
0.98,1.38
0.98,1.43
0.98,1.08
0.98,1.06
0.98,1.11
0.98,2.31
0.98,2.34
0.98,2.34
0.66,2.28
0.66,2.26
0.66,2.26
0.66,1.11
0.66,1.06
0.66,1.11
0.66,2.36
0.66,2.34
0.66,2.34
1.96,2.04
1.96,2.02
1.96,4.9
1.96,2.04
1.96,1.06
1.96,4.9
1.96,2.04
1.96,4.82
1.96,4.9
0.98,1.4
0.98,1.38
0.98,4.9
0.98,1.08
0.98,1.06
0.98,4.9
0.98,4.79
0.98,4.82
0.98,4.9
0.66,4.87
0.66,4.79
0.66,4.9
0.66,4.87
0.66,1.06
0.66,4.9
0.66,4.87
0.66,4.82
0.66,4.9
1.96,2.04
1.96,2.02
1.96,3.0
1.96,2.04
1.96,1.06
1.96,3.0
1.96,2.04
1.96,2.46
1.96,3.0
0.98,1.4
0.98,1.38
0.98,3.0
0.98,1.08
0.98,1.06
0.98,3.0
0.98,2.4
0.98,2.46
0.98,3.0
0.66,2.84
0.66,2.38
0.66,3.0
0.66,2.84
0.66,1.06
0.66,3.0
0.66,2.84
0.66,2.46
0.66,3.0
1.96,2.04
1.96,2.02
1.96,2.05
1.96,2.04
1.96,1.06
1.96,1.11
1.96,2.04
1.96,2.34
1.96,2.34
0.98,1.4
0.98,1.38
0.98,1.43
0.98,1.08
0.98,1.06
0.98,1.11
0.98,2.31
0.98,2.34
0.98,2.34
0.66,2.28
0.66,2.26
0.66,2.26
0.66,1.11
0.66,1.06
0.66,1.11
0.66,2.36
0.66,2.34
0.66,2.34
1.96,2.04
1.96,2.02
1.96,3.3
1.96,2.04
1.96,1.06
1.96,3.3
1.96,2.04
1.96,3.27
1.96,3.3
0.98,1.4
0.98,1.38
0.98,3.3
0.98,1.08
0.98,1.06
0.98,3.3
0.98,3.24
0.98,3.27
0.98,3.3
0.66,3.32
0.66,3.24
0.66,3.3
0.66,3.32
0.66,1.06
0.66,3.3
0.66,3.32
0.66,3.27
0.66,3.3
1.96,2.04
1.96,2.02
1.96,3.0
1.96,2.04
1.96,1.06
1.96,3.0
1.96,2.04
1.96,2.46
1.96,3.0
0.98,1.4
0.98,1.38
0.98,3.0
0.98,1.08
0.98,1.06
0.98,3.0
0.98,2.4
0.98,2.46
0.98,3.0
0.66,2.84
0.66,2.38
0.66,3.0
0.66,2.84
0.66,1.06
0.66,3.0
0.66,2.84
0.66,2.46
0.66,3.0
0.0,2.04
0.0,2.34
0.0,2.05
0.0,2.04
0.0,2.34
0.0,2.34
0.0,2.04
0.0,2.34
0.0,2.34
0.0,2.28
0.0,2.34
0.0,2.32
0.0,2.28
0.0,2.34
0.0,2.34
0.0,2.28
0.0,2.34
0.0,2.34
0.0,2.28
0.0,2.34
0.0,2.26
0.0,2.32
0.0,2.34
0.0,2.34
0.0,2.36
0.0,2.34
0.0,2.34
0.0,2.04
0.0,2.34
0.0,2.98
0.0,2.04
0.0,2.34
0.0,2.98
0.0,2.04
0.0,2.34
0.0,2.98
0.0,2.28
0.0,2.34
0.0,2.98
0.0,2.28
0.0,2.34
0.0,2.98
0.0,2.28
0.0,2.34
0.0,2.98
0.0,2.78
0.0,2.34
0.0,2.98
0.0,2.78
0.0,2.34
0.0,2.98
0.0,2.78
0.0,2.34
0.0,2.98
0.0,2.04
0.0,2.34
0.0,3.0
0.0,2.04
0.0,2.34
0.0,3.0
0.0,2.04
0.0,2.34
0.0,3.0
0.0,2.28
0.0,2.34
0.0,3.0
0.0,2.28
0.0,2.34
0.0,3.0
0.0,2.28
0.0,2.34
0.0,3.0
0.0,2.84
0.0,2.34
0.0,3.0
0.0,2.84
0.0,2.34
0.0,3.0
0.0,2.84
0.0,2.34
0.0,3.0
0.0,2.04
0.0,4.9
0.0,2.05
0.0,2.04
0.0,4.9
0.0,4.82
0.0,2.04
0.0,4.9
0.0,2.34
0.0,4.87
0.0,4.9
0.0,4.79
0.0,4.87
0.0,4.9
0.0,4.82
0.0,4.87
0.0,4.9
0.0,2.34
0.0,2.28
0.0,4.9
0.0,2.26
0.0,4.79
0.0,4.9
0.0,4.82
0.0,2.36
0.0,4.9
0.0,2.34
0.0,2.04
0.0,4.9
0.0,4.9
0.0,2.04
0.0,4.9
0.0,4.9
0.0,2.04
0.0,4.9
0.0,4.9
0.0,4.87
0.0,4.9
0.0,4.9
0.0,4.87
0.0,4.9
0.0,4.9
0.0,4.87
0.0,4.9
0.0,4.9
0.0,4.87
0.0,4.9
0.0,4.9
0.0,4.87
0.0,4.9
0.0,4.9
0.0,4.87
0.0,4.9
0.0,4.9
0.0,2.04
0.0,4.9
0.0,3.0
0.0,2.04
0.0,4.9
0.0,3.0
0.0,2.04
0.0,4.9
0.0,3.0
0.0,4.87
0.0,4.9
0.0,3.0
0.0,4.87
0.0,4.9
0.0,3.0
0.0,4.87
0.0,4.9
0.0,3.0
0.0,2.84
0.0,4.9
0.0,3.0
0.0,2.84
0.0,4.9
0.0,3.0
0.0,2.84
0.0,4.9
0.0,3.0
0.0,2.04
0.0,2.06
0.0,2.05
0.0,2.04
0.0,2.43
0.0,2.43
0.0,2.04
0.0,2.37
0.0,2.34
0.0,2.36
0.0,2.34
0.0,2.34
0.0,2.4
0.0,2.43
0.0,2.43
0.0,2.34
0.0,2.37
0.0,2.34
0.0,2.28
0.0,2.29
0.0,2.26
0.0,2.4
0.0,2.43
0.0,2.43
0.0,2.36
0.0,2.37
0.0,2.34
0.0,2.04
0.0,3.3
0.0,3.3
0.0,2.04
0.0,3.3
0.0,3.3
0.0,2.04
0.0,3.3
0.0,3.3
0.0,3.27
0.0,3.3
0.0,3.3
0.0,3.27
0.0,3.3
0.0,3.3
0.0,3.27
0.0,3.3
0.0,3.3
0.0,3.32
0.0,3.3
0.0,3.3
0.0,3.32
0.0,3.3
0.0,3.3
0.0,3.32
0.0,3.3
0.0,3.3
0.0,2.04
0.0,2.88
0.0,3.0
0.0,2.04
0.0,2.88
0.0,3.0
0.0,2.04
0.0,2.88
0.0,3.0
0.0,2.76
0.0,2.88
0.0,3.0
0.0,2.76
0.0,2.88
0.0,3.0
0.0,2.76
0.0,2.88
0.0,3.0
0.0,2.84
0.0,2.88
0.0,3.0
0.0,2.84
0.0,2.88
0.0,3.0
0.0,2.84
0.0,2.88
0.0,3.0
0.0,2.04
0.0,2.5
0.0,2.05
0.0,2.04
0.0,2.5
0.0,2.46
0.0,2.04
0.0,2.5
0.0,2.34
0.0,2.4
0.0,2.5
0.0,2.38
0.0,2.4
0.0,2.5
0.0,2.46
0.0,2.4
0.0,2.5
0.0,2.34
0.0,2.28
0.0,2.5
0.0,2.26
0.0,2.4
0.0,2.5
0.0,2.46
0.0,2.36
0.0,2.5
0.0,2.34
0.0,2.04
0.0,2.5
0.0,2.98
0.0,2.04
0.0,2.5
0.0,2.98
0.0,2.04
0.0,2.5
0.0,2.98
0.0,2.4
0.0,2.5
0.0,2.98
0.0,2.4
0.0,2.5
0.0,2.98
0.0,2.4
0.0,2.5
0.0,2.98
0.0,2.78
0.0,2.5
0.0,2.98
0.0,2.78
0.0,2.5
0.0,2.98
0.0,2.78
0.0,2.5
0.0,2.98
0.0,2.04
0.0,2.5
0.0,3.0
0.0,2.04
0.0,2.5
0.0,3.0
0.0,2.04
0.0,2.5
0.0,3.0
0.0,2.4
0.0,2.5
0.0,3.0
0.0,2.4
0.0,2.5
0.0,3.0
0.0,2.4
0.0,2.5
0.0,3.0
0.0,2.84
0.0,2.5
0.0,3.0
0.0,2.84
0.0,2.5
0.0,3.0
0.0,2.84
0.0,2.5
0.0,3.0
0.0,2.04
0.0,2.5
0.0,2.05
0.0,2.04
0.0,2.5
0.0,2.46
0.0,2.04
0.0,2.5
0.0,2.34
0.0,2.4
0.0,2.5
0.0,2.38
0.0,2.4
0.0,2.5
0.0,2.46
0.0,2.4
0.0,2.5
0.0,2.34
0.0,2.28
0.0,2.5
0.0,2.26
0.0,2.4
0.0,2.5
0.0,2.46
0.0,2.36
0.0,2.5
0.0,2.34
0.0,2.04
0.0,2.5
0.0,4.9
0.0,2.04
0.0,2.5
0.0,4.9
0.0,2.04
0.0,2.5
0.0,4.9
0.0,2.4
0.0,2.5
0.0,4.9
0.0,2.4
0.0,2.5
0.0,4.9
0.0,2.4
0.0,2.5
0.0,4.9
0.0,4.87
0.0,2.5
0.0,4.9
0.0,4.87
0.0,2.5
0.0,4.9
0.0,4.87
0.0,2.5
0.0,4.9
0.0,2.04
0.0,2.5
0.0,3.0
0.0,2.04
0.0,2.5
0.0,3.0
0.0,2.04
0.0,2.5
0.0,3.0
0.0,2.4
0.0,2.5
0.0,3.0
0.0,2.4
0.0,2.5
0.0,3.0
0.0,2.4
0.0,2.5
0.0,3.0
0.0,2.84
0.0,2.5
0.0,3.0
0.0,2.84
0.0,2.5
0.0,3.0
0.0,2.84
0.0,2.5
0.0,3.0
0.0,2.04
0.0,2.5
0.0,2.05
0.0,2.04
0.0,2.5
0.0,2.46
0.0,2.04
0.0,2.5
0.0,2.34
0.0,2.4
0.0,2.5
0.0,2.38
0.0,2.4
0.0,2.5
0.0,2.46
0.0,2.4
0.0,2.5
0.0,2.34
0.0,2.28
0.0,2.5
0.0,2.26
0.0,2.4
0.0,2.5
0.0,2.46
0.0,2.36
0.0,2.5
0.0,2.34
0.0,2.04
0.0,2.5
0.0,3.3
0.0,2.04
0.0,2.5
0.0,3.3
0.0,2.04
0.0,2.5
0.0,3.3
0.0,2.4
0.0,2.5
0.0,3.3
0.0,2.4
0.0,2.5
0.0,3.3
0.0,2.4
0.0,2.5
0.0,3.3
0.0,3.32
0.0,2.5
0.0,3.3
0.0,3.32
0.0,2.5
0.0,3.3
0.0,3.32
0.0,2.5
0.0,3.3
0.0,2.04
0.0,2.5
0.0,3.0
0.0,2.04
0.0,2.5
0.0,3.0
0.0,2.04
0.0,2.5
0.0,3.0
0.0,2.4
0.0,2.5
0.0,3.0
0.0,2.4
0.0,2.5
0.0,3.0
0.0,2.4
0.0,2.5
0.0,3.0
0.0,2.84
0.0,2.5
0.0,3.0
0.0,2.84
0.0,2.5
0.0,3.0
0.0,2.84
0.0,2.5
0.0,3.0
1.96,2.07
1.96,2.07
1.96,2.07
1.96,1.11
1.96,1.11
1.96,1.11
1.96,2.39
1.96,2.39
1.96,2.39
0.98,1.43
0.98,1.43
0.98,1.43
0.98,1.11
0.98,1.11
0.98,1.11
0.98,2.39
0.98,2.39
0.98,2.39
0.66,2.31
0.66,2.31
0.66,2.31
0.66,1.11
0.66,1.11
0.66,1.11
0.66,2.39
0.66,2.39
0.66,2.39
1.96,2.1
1.96,2.08
1.96,3.06
1.96,2.1
1.96,1.14
1.96,3.06
1.96,2.1
1.96,2.42
1.96,3.06
0.98,1.46
0.98,1.46
0.98,3.06
0.98,1.16
0.98,1.14
0.98,3.06
0.98,2.32
0.98,2.42
0.98,3.06
0.66,2.86
0.66,2.32
0.66,3.06
0.66,2.86
0.66,1.14
0.66,3.06
0.66,2.86
0.66,2.42
0.66,3.06
1.96,4.29
1.96,4.29
1.96,4.29
1.96,4.29
1.96,4.29
1.96,4.29
1.96,4.29
1.96,4.29
1.96,4.29
0.98,4.29
0.98,4.29
0.98,4.29
0.98,4.29
0.98,4.29
0.98,4.29
0.98,4.29
0.98,4.29
0.98,4.29
0.66,4.29
0.66,4.29
0.66,4.29
0.66,4.29
0.66,4.29
0.66,4.29
0.66,4.29
0.66,4.29
0.66,4.29
1.96,2.07
1.96,2.07
1.96,2.07
1.96,1.11
1.96,1.11
1.96,1.11
1.96,2.39
1.96,2.39
1.96,2.39
0.98,1.43
0.98,1.43
0.98,1.43
0.98,1.11
0.98,1.11
0.98,1.11
0.98,2.39
0.98,2.39
0.98,2.39
0.66,2.31
0.66,2.31
0.66,2.31
0.66,1.11
0.66,1.11
0.66,1.11
0.66,2.39
0.66,2.39
0.66,2.39
1.96,4.98
1.96,4.98
1.96,4.98
1.96,4.98
1.96,4.98
1.96,4.98
1.96,4.98
1.96,4.98
1.96,4.98
0.98,4.98
0.98,4.98
0.98,4.98
0.98,4.98
0.98,4.98
0.98,4.98
0.98,4.98
0.98,4.98
0.98,4.98
0.66,4.98
0.66,4.98
0.66,4.98
0.66,4.98
0.66,4.98
0.66,4.98
0.66,4.98
0.66,4.98
0.66,4.98
1.96,4.29
1.96,4.29
1.96,4.29
1.96,4.29
1.96,4.29
1.96,4.29
1.96,4.29
1.96,4.29
1.96,4.29
0.98,4.29
0.98,4.29
0.98,4.29
0.98,4.29
0.98,4.29
0.98,4.29
0.98,4.29
0.98,4.29
0.98,4.29
0.66,4.29
0.66,4.29
0.66,4.29
0.66,4.29
0.66,4.29
0.66,4.29
0.66,4.29
0.66,4.29
0.66,4.29
1.96,2.07
1.96,2.07
1.96,2.07
1.96,1.11
1.96,1.11
1.96,1.11
1.96,2.39
1.96,2.39
1.96,2.39
0.98,1.43
0.98,1.43
0.98,1.43
0.98,1.11
0.98,1.11
0.98,1.11
0.98,2.39
0.98,2.39
0.98,2.39
0.66,2.31
0.66,2.31
0.66,2.31
0.66,1.11
0.66,1.11
0.66,1.11
0.66,2.39
0.66,2.39
0.66,2.39
1.96,3.38
1.96,3.38
1.96,3.38
1.96,3.38
1.96,3.38
1.96,3.38
1.96,3.38
1.96,3.38
1.96,3.38
0.98,3.38
0.98,3.38
0.98,3.38
0.98,3.38
0.98,3.38
0.98,3.38
0.98,3.38
0.98,3.38
0.98,3.38
0.66,3.38
0.66,3.38
0.66,3.38
0.66,3.38
0.66,3.38
0.66,3.38
0.66,3.38
0.66,3.38
0.66,3.38
1.96,4.29
1.96,4.29
1.96,4.29
1.96,4.29
1.96,4.29
1.96,4.29
1.96,4.29
1.96,4.29
1.96,4.29
0.98,4.29
0.98,4.29
0.98,4.29
0.98,4.29
0.98,4.29
0.98,4.29
0.98,4.29
0.98,4.29
0.98,4.29
0.66,4.29
0.66,4.29
0.66,4.29
0.66,4.29
0.66,4.29
0.66,4.29
0.66,4.29
0.66,4.29
0.66,4.29
0.0,2.07
0.0,2.07
0.0,2.07
0.0,2.08
0.0,2.39
0.0,2.39
0.0,2.39
0.0,2.39
0.0,2.39
0.0,2.31
0.0,2.39
0.0,2.32
0.0,2.31
0.0,2.39
0.0,2.39
0.0,2.39
0.0,2.39
0.0,2.39
0.0,2.31
0.0,2.31
0.0,2.31
0.0,2.32
0.0,2.39
0.0,2.39
0.0,2.39
0.0,2.39
0.0,2.39
0.0,2.1
0.0,2.42
0.0,3.06
0.0,2.1
0.0,2.42
0.0,3.06
0.0,2.1
0.0,2.42
0.0,3.06
0.0,2.34
0.0,2.42
0.0,3.06
0.0,2.34
0.0,2.42
0.0,3.06
0.0,2.34
0.0,2.42
0.0,3.06
0.0,2.86
0.0,2.42
0.0,3.06
0.0,2.86
0.0,2.42
0.0,3.06
0.0,2.86
0.0,2.42
0.0,3.06
0.0,4.29
0.0,4.29
0.0,4.29
0.0,4.29
0.0,4.29
0.0,4.29
0.0,4.29
0.0,4.29
0.0,4.29
0.0,4.29
0.0,4.29
0.0,4.29
0.0,4.29
0.0,4.29
0.0,4.29
0.0,4.29
0.0,4.29
0.0,4.29
0.0,4.29
0.0,4.29
0.0,4.29
0.0,4.29
0.0,4.29
0.0,4.29
0.0,4.29
0.0,4.29
0.0,4.29
0.0,2.07
0.0,2.07
0.0,2.07
0.0,4.9
0.0,4.9
0.0,4.9
0.0,2.39
0.0,2.39
0.0,2.39
0.0,4.87
0.0,4.87
0.0,4.87
0.0,4.9
0.0,4.9
0.0,4.9
0.0,2.39
0.0,2.39
0.0,2.39
0.0,2.31
0.0,2.31
0.0,2.31
0.0,4.9
0.0,4.9
0.0,4.9
0.0,2.39
0.0,2.39
0.0,2.39
0.0,4.98
0.0,4.98
0.0,4.98
0.0,4.98
0.0,4.98
0.0,4.98
0.0,4.98
0.0,4.98
0.0,4.98
0.0,4.98
0.0,4.98
0.0,4.98
0.0,4.98
0.0,4.98
0.0,4.98
0.0,4.98
0.0,4.98
0.0,4.98
0.0,4.98
0.0,4.98
0.0,4.98
0.0,4.98
0.0,4.98
0.0,4.98
0.0,4.98
0.0,4.98
0.0,4.98
0.0,4.29
0.0,4.29
0.0,4.29
0.0,4.29
0.0,4.29
0.0,4.29
0.0,4.29
0.0,4.29
0.0,4.29
0.0,4.29
0.0,4.29
0.0,4.29
0.0,4.29
0.0,4.29
0.0,4.29
0.0,4.29
0.0,4.29
0.0,4.29
0.0,4.29
0.0,4.29
0.0,4.29
0.0,4.29
0.0,4.29
0.0,4.29
0.0,4.29
0.0,4.29
0.0,4.29
0.0,2.07
0.0,2.07
0.0,2.07
0.0,2.43
0.0,2.43
0.0,2.43
0.0,2.39
0.0,2.39
0.0,2.39
0.0,2.39
0.0,2.39
0.0,2.39
0.0,2.43
0.0,2.43
0.0,2.43
0.0,2.39
0.0,2.39
0.0,2.39
0.0,2.31
0.0,2.31
0.0,2.31
0.0,2.43
0.0,2.43
0.0,2.43
0.0,2.39
0.0,2.39
0.0,2.39
0.0,3.38
0.0,3.38
0.0,3.38
0.0,3.38
0.0,3.38
0.0,3.38
0.0,3.38
0.0,3.38
0.0,3.38
0.0,3.38
0.0,3.38
0.0,3.38
0.0,3.38
0.0,3.38
0.0,3.38
0.0,3.38
0.0,3.38
0.0,3.38
0.0,3.38
0.0,3.38
0.0,3.38
0.0,3.38
0.0,3.38
0.0,3.38
0.0,3.38
0.0,3.38
0.0,3.38
0.0,4.29
0.0,4.29
0.0,4.29
0.0,4.29
0.0,4.29
0.0,4.29
0.0,4.29
0.0,4.29
0.0,4.29
0.0,4.29
0.0,4.29
0.0,4.29
0.0,4.29
0.0,4.29
0.0,4.29
0.0,4.29
0.0,4.29
0.0,4.29
0.0,4.29
0.0,4.29
0.0,4.29
0.0,4.29
0.0,4.29
0.0,4.29
0.0,4.29
0.0,4.29
0.0,4.29
0.0,2.07
0.0,2.07
0.0,2.07
0.0,3.0
0.0,3.0
0.0,3.0
0.0,2.39
0.0,2.39
0.0,2.39
0.0,2.87
0.0,2.87
0.0,2.87
0.0,3.0
0.0,3.0
0.0,3.0
0.0,2.39
0.0,2.39
0.0,2.39
0.0,2.31
0.0,2.31
0.0,2.31
0.0,3.0
0.0,3.0
0.0,3.0
0.0,2.39
0.0,2.39
0.0,2.39
0.0,2.1
0.0,3.38
0.0,3.06
0.0,2.1
0.0,3.38
0.0,3.06
0.0,2.1
0.0,3.38
0.0,3.06
0.0,3.16
0.0,3.38
0.0,3.06
0.0,3.16
0.0,3.38
0.0,3.06
0.0,3.16
0.0,3.38
0.0,3.06
0.0,2.86
0.0,3.38
0.0,3.06
0.0,2.86
0.0,3.38
0.0,3.06
0.0,2.86
0.0,3.38
0.0,3.06
0.0,4.29
0.0,4.29
0.0,4.29
0.0,4.29
0.0,4.29
0.0,4.29
0.0,4.29
0.0,4.29
0.0,4.29
0.0,4.29
0.0,4.29
0.0,4.29
0.0,4.29
0.0,4.29
0.0,4.29
0.0,4.29
0.0,4.29
0.0,4.29
0.0,4.29
0.0,4.29
0.0,4.29
0.0,4.29
0.0,4.29
0.0,4.29
0.0,4.29
0.0,4.29
0.0,4.29
0.0,2.07
0.0,2.07
0.0,2.07
0.0,3.0
0.0,3.0
0.0,3.0
0.0,2.39
0.0,2.39
0.0,2.39
0.0,2.87
0.0,2.87
0.0,2.87
0.0,3.0
0.0,3.0
0.0,3.0
0.0,2.39
0.0,2.39
0.0,2.39
0.0,2.31
0.0,2.31
0.0,2.31
0.0,3.0
0.0,3.0
0.0,3.0
0.0,2.39
0.0,2.39
0.0,2.39
0.0,4.98
0.0,4.98
0.0,4.98
0.0,4.98
0.0,4.98
0.0,4.98
0.0,4.98
0.0,4.98
0.0,4.98
0.0,4.98
0.0,4.98
0.0,4.98
0.0,4.98
0.0,4.98
0.0,4.98
0.0,4.98
0.0,4.98
0.0,4.98
0.0,4.98
0.0,4.98
0.0,4.98
0.0,4.98
0.0,4.98
0.0,4.98
0.0,4.98
0.0,4.98
0.0,4.98
0.0,4.29
0.0,4.29
0.0,4.29
0.0,4.29
0.0,4.29
0.0,4.29
0.0,4.29
0.0,4.29
0.0,4.29
0.0,4.29
0.0,4.29
0.0,4.29
0.0,4.29
0.0,4.29
0.0,4.29
0.0,4.29
0.0,4.29
0.0,4.29
0.0,4.29
0.0,4.29
0.0,4.29
0.0,4.29
0.0,4.29
0.0,4.29
0.0,4.29
0.0,4.29
0.0,4.29
0.0,2.07
0.0,2.07
0.0,2.07
0.0,3.0
0.0,3.0
0.0,3.0
0.0,2.39
0.0,2.39
0.0,2.39
0.0,2.87
0.0,2.87
0.0,2.87
0.0,3.0
0.0,3.0
0.0,3.0
0.0,2.39
0.0,2.39
0.0,2.39
0.0,2.31
0.0,2.31
0.0,2.31
0.0,3.0
0.0,3.0
0.0,3.0
0.0,2.39
0.0,2.39
0.0,2.39
0.0,3.38
0.0,3.38
0.0,3.38
0.0,3.38
0.0,3.38
0.0,3.38
0.0,3.38
0.0,3.38
0.0,3.38
0.0,3.38
0.0,3.38
0.0,3.38
0.0,3.38
0.0,3.38
0.0,3.38
0.0,3.38
0.0,3.38
0.0,3.38
0.0,3.38
0.0,3.38
0.0,3.38
0.0,3.38
0.0,3.38
0.0,3.38
0.0,3.38
0.0,3.38
0.0,3.38
0.0,4.29
0.0,4.29
0.0,4.29
0.0,4.29
0.0,4.29
0.0,4.29
0.0,4.29
0.0,4.29
0.0,4.29
0.0,4.29
0.0,4.29
0.0,4.29
0.0,4.29
0.0,4.29
0.0,4.29
0.0,4.29
0.0,4.29
0.0,4.29
0.0,4.29
0.0,4.29
0.0,4.29
0.0,4.29
0.0,4.29
0.0,4.29
0.0,4.29
0.0,4.29
0.0,4.29
1.96,7.92
1.96,7.92
1.96,7.92
1.96,7.92
1.96,7.92
1.96,7.92
1.96,7.92
1.96,7.92
1.96,7.92
0.98,7.92
0.98,7.92
0.98,7.92
0.98,7.92
0.98,7.92
0.98,7.92
0.98,7.92
0.98,7.92
0.98,7.92
0.66,7.92
0.66,7.92
0.66,7.92
0.66,7.92
0.66,7.92
0.66,7.92
0.66,7.92
0.66,7.92
0.66,7.92
1.96,7.92
1.96,7.92
1.96,7.92
1.96,7.92
1.96,7.92
1.96,7.92
1.96,7.92
1.96,7.92
1.96,7.92
0.98,7.92
0.98,7.92
0.98,7.92
0.98,7.92
0.98,7.92
0.98,7.92
0.98,7.92
0.98,7.92
0.98,7.92
0.66,7.92
0.66,7.92
0.66,7.92
0.66,7.92
0.66,7.92
0.66,7.92
0.66,7.92
0.66,7.92
0.66,7.92
1.96,7.92
1.96,7.92
1.96,7.92
1.96,7.92
1.96,7.92
1.96,7.92
1.96,7.92
1.96,7.92
1.96,7.92
0.98,7.92
0.98,7.92
0.98,7.92
0.98,7.92
0.98,7.92
0.98,7.92
0.98,7.92
0.98,7.92
0.98,7.92
0.66,7.92
0.66,7.92
0.66,7.92
0.66,7.92
0.66,7.92
0.66,7.92
0.66,7.92
0.66,7.92
0.66,7.92
1.96,7.92
1.96,7.92
1.96,7.92
1.96,7.92
1.96,7.92
1.96,7.92
1.96,7.92
1.96,7.92
1.96,7.92
0.98,7.92
0.98,7.92
0.98,7.92
0.98,7.92
0.98,7.92
0.98,7.92
0.98,7.92
0.98,7.92
0.98,7.92
0.66,7.92
0.66,7.92
0.66,7.92
0.66,7.92
0.66,7.92
0.66,7.92
0.66,7.92
0.66,7.92
0.66,7.92
1.96,7.92
1.96,7.92
1.96,7.92
1.96,7.92
1.96,7.92
1.96,7.92
1.96,7.92
1.96,7.92
1.96,7.92
0.98,7.92
0.98,7.92
0.98,7.92
0.98,7.92
0.98,7.92
0.98,7.92
0.98,7.92
0.98,7.92
0.98,7.92
0.66,7.92
0.66,7.92
0.66,7.92
0.66,7.92
0.66,7.92
0.66,7.92
0.66,7.92
0.66,7.92
0.66,7.92
1.96,7.92
1.96,7.92
1.96,7.92
1.96,7.92
1.96,7.92
1.96,7.92
1.96,7.92
1.96,7.92
1.96,7.92
0.98,7.92
0.98,7.92
0.98,7.92
0.98,7.92
0.98,7.92
0.98,7.92
0.98,7.92
0.98,7.92
0.98,7.92
0.66,7.92
0.66,7.92
0.66,7.92
0.66,7.92
0.66,7.92
0.66,7.92
0.66,7.92
0.66,7.92
0.66,7.92
1.96,7.92
1.96,7.92
1.96,7.92
1.96,7.92
1.96,7.92
1.96,7.92
1.96,7.92
1.96,7.92
1.96,7.92
0.98,7.92
0.98,7.92
0.98,7.92
0.98,7.92
0.98,7.92
0.98,7.92
0.98,7.92
0.98,7.92
0.98,7.92
0.66,7.92
0.66,7.92
0.66,7.92
0.66,7.92
0.66,7.92
0.66,7.92
0.66,7.92
0.66,7.92
0.66,7.92
1.96,7.92
1.96,7.92
1.96,7.92
1.96,7.92
1.96,7.92
1.96,7.92
1.96,7.92
1.96,7.92
1.96,7.92
0.98,7.92
0.98,7.92
0.98,7.92
0.98,7.92
0.98,7.92
0.98,7.92
0.98,7.92
0.98,7.92
0.98,7.92
0.66,7.92
0.66,7.92
0.66,7.92
0.66,7.92
0.66,7.92
0.66,7.92
0.66,7.92
0.66,7.92
0.66,7.92
1.96,7.92
1.96,7.92
1.96,7.92
1.96,7.92
1.96,7.92
1.96,7.92
1.96,7.92
1.96,7.92
1.96,7.92
0.98,7.92
0.98,7.92
0.98,7.92
0.98,7.92
0.98,7.92
0.98,7.92
0.98,7.92
0.98,7.92
0.98,7.92
0.66,7.92
0.66,7.92
0.66,7.92
0.66,7.92
0.66,7.92
0.66,7.92
0.66,7.92
0.66,7.92
0.66,7.92
0.0,7.92
0.0,7.92
0.0,7.92
0.0,7.92
0.0,7.92
0.0,7.92
0.0,7.92
0.0,7.92
0.0,7.92
0.0,7.92
0.0,7.92
0.0,7.92
0.0,7.92
0.0,7.92
0.0,7.92
0.0,7.92
0.0,7.92
0.0,7.92
0.0,7.92
0.0,7.92
0.0,7.92
0.0,7.92
0.0,7.92
0.0,7.92
0.0,7.92
0.0,7.92
0.0,7.92
0.0,7.92
0.0,7.92
0.0,7.92
0.0,7.92
0.0,7.92
0.0,7.92
0.0,7.92
0.0,7.92
0.0,7.92
0.0,7.92
0.0,7.92
0.0,7.92
0.0,7.92
0.0,7.92
0.0,7.92
0.0,7.92
0.0,7.92
0.0,7.92
0.0,7.92
0.0,7.92
0.0,7.92
0.0,7.92
0.0,7.92
0.0,7.92
0.0,7.92
0.0,7.92
0.0,7.92
0.0,7.92
0.0,7.92
0.0,7.92
0.0,7.92
0.0,7.92
0.0,7.92
0.0,7.92
0.0,7.92
0.0,7.92
0.0,7.92
0.0,7.92
0.0,7.92
0.0,7.92
0.0,7.92
0.0,7.92
0.0,7.92
0.0,7.92
0.0,7.92
0.0,7.92
0.0,7.92
0.0,7.92
0.0,7.92
0.0,7.92
0.0,7.92
0.0,7.92
0.0,7.92
0.0,7.92
0.0,7.92
0.0,7.92
0.0,7.92
0.0,7.92
0.0,7.92
0.0,7.92
0.0,7.92
0.0,7.92
0.0,7.92
0.0,7.92
0.0,7.92
0.0,7.92
0.0,7.92
0.0,7.92
0.0,7.92
0.0,7.92
0.0,7.92
0.0,7.92
0.0,7.92
0.0,7.92
0.0,7.92
0.0,7.92
0.0,7.92
0.0,7.92
0.0,7.92
0.0,7.92
0.0,7.92
0.0,7.92
0.0,7.92
0.0,7.92
0.0,7.92
0.0,7.92
0.0,7.92
0.0,7.92
0.0,7.92
0.0,7.92
0.0,7.92
0.0,7.92
0.0,7.92
0.0,7.92
0.0,7.92
0.0,7.92
0.0,7.92
0.0,7.92
0.0,7.92
0.0,7.92
0.0,7.92
0.0,7.92
0.0,7.92
0.0,7.92
0.0,7.92
0.0,7.92
0.0,7.92
0.0,7.92
0.0,7.92
0.0,7.92
0.0,7.92
0.0,7.92
0.0,7.92
0.0,7.92
0.0,7.92
0.0,7.92
0.0,7.92
0.0,7.92
0.0,7.92
0.0,7.92
0.0,7.92
0.0,7.92
0.0,7.92
0.0,7.92
0.0,7.92
0.0,7.92
0.0,7.92
0.0,7.92
0.0,7.92
0.0,7.92
0.0,7.92
0.0,7.92
0.0,7.92
0.0,7.92
0.0,7.92
0.0,7.92
0.0,7.92
0.0,7.92
0.0,7.92
0.0,7.92
0.0,7.92
0.0,7.92
0.0,7.92
0.0,7.92
0.0,7.92
0.0,7.92
0.0,7.92
0.0,7.92
0.0,7.92
0.0,7.92
0.0,7.92
0.0,7.92
0.0,7.92
0.0,7.92
0.0,7.92
0.0,7.92
0.0,7.92
0.0,7.92
0.0,7.92
0.0,7.92
0.0,7.92
0.0,7.92
0.0,7.92
0.0,7.92
0.0,7.92
0.0,7.92
0.0,7.92
0.0,7.92
0.0,7.92
0.0,7.92
0.0,7.92
0.0,7.92
0.0,7.92
0.0,7.92
0.0,7.92
0.0,7.92
0.0,7.92
0.0,7.92
0.0,7.92
0.0,7.92
0.0,7.92
0.0,7.92
0.0,7.92
0.0,7.92
0.0,7.92
0.0,7.92
0.0,7.92
0.0,7.92
0.0,7.92
0.0,7.92
0.0,7.92
0.0,7.92
0.0,7.92
0.0,7.92
0.0,7.92
0.0,7.92
0.0,7.92
0.0,7.92
0.0,7.92
0.0,7.92
0.0,7.92
0.0,7.92
0.0,7.92
0.0,7.92
0.0,7.92
0.0,7.92
0.0,7.92
0.0,7.92
0.0,7.92
0.0,7.92
0.0,7.92
0.0,7.92
0.0,7.92
0.0,7.92
0.0,7.92
0.0,7.92
0.0,7.92
0.0,7.92
0.0,7.92
0.0,7.92
0.0,7.92
0.0,7.92
0.0,7.92
0.0,7.92
0.0,7.92
0.0,7.92
0.0,7.92
0.0,7.92
0.0,7.92
0.0,7.92
0.0,7.92
0.0,7.92
0.0,7.92
0.0,7.92
0.0,7.92
0.0,7.92
0.0,7.92
0.0,7.92
0.0,7.92
0.0,7.92
0.0,7.92
0.0,7.92
0.0,7.92
0.0,7.92
0.0,7.92
0.0,7.92
0.0,7.92
0.0,7.92
0.0,7.92
0.0,7.92
0.0,7.92
0.0,7.92
0.0,7.92
0.0,7.92
0.0,7.92
0.0,7.92
0.0,7.92
0.0,7.92
0.0,7.92
0.0,7.92
0.0,7.92
0.0,7.92
0.0,7.92
0.0,7.92
0.0,7.92
0.0,7.92
0.0,7.92
0.0,7.92
0.0,7.92
0.0,7.92
0.0,7.92
0.0,7.92
0.0,7.92
0.0,7.92
0.0,7.92
0.0,7.92
0.0,7.92
0.0,7.92
0.0,7.92
0.0,7.92
0.0,7.92
0.0,7.92
0.0,7.92
0.0,7.92
0.0,7.92
0.0,7.92
0.0,7.92
0.0,7.92
0.0,7.92
0.0,7.92
0.0,7.92
0.0,7.92
0.0,7.92
0.0,7.92
0.0,7.92
0.0,7.92
0.0,7.92
0.0,7.92
0.0,7.92
0.0,7.92
0.0,7.92
0.0,7.92
0.0,7.92
0.0,7.92
0.0,7.92
0.0,7.92
0.0,7.92
0.0,7.92
0.0,7.92
0.0,7.92
0.0,7.92
0.0,7.92
0.0,7.92
0.0,7.92
0.0,7.92
0.0,7.92
0.0,7.92
0.0,7.92
0.0,7.92
0.0,7.92
0.0,7.92
0.0,7.92
0.0,7.92
0.0,7.92
0.0,7.92
0.0,7.92
0.0,7.92
0.0,7.92
0.0,7.92
0.0,7.92
0.0,7.92
0.0,7.92
0.0,7.92
0.0,7.92
0.0,7.92
0.0,7.92
0.0,7.92
0.0,7.92
0.0,7.92
0.0,7.92
0.0,7.92
0.0,7.92
0.0,7.92
0.0,7.92
0.0,7.92
0.0,7.92
0.0,7.92
0.0,7.92
0.0,7.92
0.0,7.92
0.0,7.92
0.0,7.92
0.0,7.92
0.0,7.92
0.0,7.92
0.0,7.92
0.0,7.92
0.0,7.92
0.0,7.92
0.0,7.92
0.0,7.92
0.0,7.92
0.0,7.92
0.0,7.92
0.0,7.92
0.0,7.92
0.0,7.92
0.0,7.92
0.0,7.92
0.0,7.92
0.0,7.92
0.0,7.92
0.0,7.92
0.0,7.92
0.0,7.92
0.0,7.92
0.0,7.92
0.0,7.92
0.0,7.92
0.0,7.92
0.0,7.92
0.0,7.92
0.0,7.92
0.0,7.92
0.0,7.92
0.0,7.92
0.0,7.92
0.0,7.92
0.0,7.92
0.0,7.92
0.0,7.92
0.0,7.92
0.0,7.92
0.0,7.92
0.0,7.92
0.0,7.92
0.0,7.92
0.0,7.92
0.0,7.92
0.0,7.92
0.0,7.92
0.0,7.92
0.0,7.92
0.0,7.92
0.0,7.92
0.0,7.92
0.0,7.92
0.0,7.92
0.0,7.92
0.0,7.92
0.0,7.92
0.0,7.92
0.0,7.92
0.0,7.92
0.0,7.92
0.0,7.92
0.0,7.92
0.0,7.92
0.0,7.92
0.0,7.92
0.0,7.92
0.0,7.92
0.0,7.92
0.0,7.92
0.0,7.92
0.0,7.92
0.0,7.92
0.0,7.92
0.0,7.92
0.0,7.92
0.0,7.92
0.0,7.92
0.0,7.92
0.0,7.92
0.0,7.92
0.0,7.92
0.0,7.92
0.0,7.92
0.0,7.92
0.0,7.92
0.0,7.92
0.0,7.92
0.0,7.92
0.0,7.92
0.0,7.92
0.0,7.92
0.0,7.92
0.0,7.92
0.0,7.92
0.0,7.92
0.0,7.92
0.0,7.92
0.0,7.92
0.0,7.92
0.0,7.92
0.0,7.92
0.0,7.92
0.0,7.92
0.0,7.92
0.0,1.98
0.0,1.96
0.0,3.3
0.0,1.98
0.0,1.0
0.0,3.3
0.0,1.98
0.0,2.32
0.0,3.3
0.0,1.32
0.0,1.32
0.0,3.3
0.0,1.0
0.0,1.0
0.0,3.3
0.0,2.28
0.0,2.32
0.0,3.3
0.0,2.92
0.0,2.28
0.0,3.3
0.0,2.92
0.0,1.0
0.0,3.3
0.0,2.92
0.0,2.32
0.0,3.3
0.0,1.98
0.0,1.96
0.0,3.3
0.0,1.98
0.0,1.0
0.0,3.3
0.0,1.98
0.0,2.32
0.0,3.3
0.0,1.32
0.0,1.32
0.0,3.3
0.0,1.0
0.0,1.0
0.0,3.3
0.0,2.28
0.0,2.32
0.0,3.3
0.0,2.92
0.0,2.28
0.0,3.3
0.0,2.92
0.0,1.0
0.0,3.3
0.0,2.92
0.0,2.32
0.0,3.3
0.0,1.98
0.0,1.96
0.0,3.3
0.0,1.98
0.0,1.0
0.0,3.3
0.0,1.98
0.0,2.32
0.0,3.3
0.0,1.32
0.0,1.32
0.0,3.3
0.0,1.0
0.0,1.0
0.0,3.3
0.0,2.28
0.0,2.32
0.0,3.3
0.0,2.92
0.0,2.28
0.0,3.3
0.0,2.92
0.0,1.0
0.0,3.3
0.0,2.92
0.0,2.32
0.0,3.3
0.0,1.98
0.0,1.96
0.0,3.3
0.0,1.98
0.0,1.0
0.0,3.3
0.0,1.98
0.0,2.32
0.0,3.3
0.0,1.32
0.0,1.32
0.0,3.3
0.0,1.0
0.0,1.0
0.0,3.3
0.0,2.28
0.0,2.32
0.0,3.3
0.0,2.92
0.0,2.28
0.0,3.3
0.0,2.92
0.0,1.0
0.0,3.3
0.0,2.92
0.0,2.32
0.0,3.3
0.0,1.98
0.0,1.96
0.0,3.3
0.0,1.98
0.0,1.0
0.0,3.3
0.0,1.98
0.0,2.32
0.0,3.3
0.0,1.32
0.0,1.32
0.0,3.3
0.0,1.0
0.0,1.0
0.0,3.3
0.0,2.28
0.0,2.32
0.0,3.3
0.0,2.92
0.0,2.28
0.0,3.3
0.0,2.92
0.0,1.0
0.0,3.3
0.0,2.92
0.0,2.32
0.0,3.3
0.0,1.98
0.0,1.96
0.0,3.3
0.0,1.98
0.0,1.0
0.0,3.3
0.0,1.98
0.0,2.32
0.0,3.3
0.0,1.32
0.0,1.32
0.0,3.3
0.0,1.0
0.0,1.0
0.0,3.3
0.0,2.28
0.0,2.32
0.0,3.3
0.0,2.92
0.0,2.28
0.0,3.3
0.0,2.92
0.0,1.0
0.0,3.3
0.0,2.92
0.0,2.32
0.0,3.3
0.0,1.98
0.0,1.96
0.0,3.3
0.0,1.98
0.0,1.0
0.0,3.3
0.0,1.98
0.0,2.32
0.0,3.3
0.0,1.32
0.0,1.32
0.0,3.3
0.0,1.0
0.0,1.0
0.0,3.3
0.0,2.28
0.0,2.32
0.0,3.3
0.0,2.92
0.0,2.28
0.0,3.3
0.0,2.92
0.0,1.0
0.0,3.3
0.0,2.92
0.0,2.32
0.0,3.3
0.0,1.98
0.0,1.96
0.0,3.3
0.0,1.98
0.0,1.0
0.0,3.3
0.0,1.98
0.0,2.32
0.0,3.3
0.0,1.32
0.0,1.32
0.0,3.3
0.0,1.0
0.0,1.0
0.0,3.3
0.0,2.28
0.0,2.32
0.0,3.3
0.0,2.92
0.0,2.28
0.0,3.3
0.0,2.92
0.0,1.0
0.0,3.3
0.0,2.92
0.0,2.32
0.0,3.3
0.0,1.98
0.0,1.96
0.0,3.3
0.0,1.98
0.0,1.0
0.0,3.3
0.0,1.98
0.0,2.32
0.0,3.3
0.0,1.32
0.0,1.32
0.0,3.3
0.0,1.0
0.0,1.0
0.0,3.3
0.0,2.28
0.0,2.32
0.0,3.3
0.0,2.92
0.0,2.28
0.0,3.3
0.0,2.92
0.0,1.0
0.0,3.3
0.0,2.92
0.0,2.32
0.0,3.3
0.0,1.98
0.0,2.31
0.0,3.3
0.0,1.98
0.0,2.31
0.0,3.3
0.0,1.98
0.0,2.31
0.0,3.3
0.0,2.2
0.0,2.31
0.0,3.3
0.0,2.2
0.0,2.31
0.0,3.3
0.0,2.2
0.0,2.31
0.0,3.3
0.0,2.92
0.0,2.31
0.0,3.3
0.0,2.92
0.0,2.31
0.0,3.3
0.0,2.92
0.0,2.31
0.0,3.3
0.0,1.98
0.0,2.31
0.0,3.3
0.0,1.98
0.0,2.31
0.0,3.3
0.0,1.98
0.0,2.31
0.0,3.3
0.0,2.2
0.0,2.31
0.0,3.3
0.0,2.2
0.0,2.31
0.0,3.3
0.0,2.2
0.0,2.31
0.0,3.3
0.0,2.92
0.0,2.31
0.0,3.3
0.0,2.92
0.0,2.31
0.0,3.3
0.0,2.92
0.0,2.31
0.0,3.3
0.0,1.98
0.0,2.31
0.0,3.3
0.0,1.98
0.0,2.31
0.0,3.3
0.0,1.98
0.0,2.31
0.0,3.3
0.0,2.2
0.0,2.31
0.0,3.3
0.0,2.2
0.0,2.31
0.0,3.3
0.0,2.2
0.0,2.31
0.0,3.3
0.0,2.92
0.0,2.31
0.0,3.3
0.0,2.92
0.0,2.31
0.0,3.3
0.0,2.92
0.0,2.31
0.0,3.3
0.0,1.98
0.0,4.87
0.0,3.3
0.0,1.98
0.0,4.87
0.0,3.3
0.0,1.98
0.0,4.87
0.0,3.3
0.0,4.84
0.0,4.87
0.0,3.3
0.0,4.84
0.0,4.87
0.0,3.3
0.0,4.84
0.0,4.87
0.0,3.3
0.0,2.92
0.0,4.87
0.0,3.3
0.0,2.92
0.0,4.87
0.0,3.3
0.0,2.92
0.0,4.87
0.0,3.3
0.0,1.98
0.0,4.87
0.0,3.3
0.0,1.98
0.0,4.87
0.0,3.3
0.0,1.98
0.0,4.87
0.0,3.3
0.0,4.84
0.0,4.87
0.0,3.3
0.0,4.84
0.0,4.87
0.0,3.3
0.0,4.84
0.0,4.87
0.0,3.3
0.0,2.92
0.0,4.87
0.0,3.3
0.0,2.92
0.0,4.87
0.0,3.3
0.0,2.92
0.0,4.87
0.0,3.3
0.0,1.98
0.0,4.87
0.0,3.3
0.0,1.98
0.0,4.87
0.0,3.3
0.0,1.98
0.0,4.87
0.0,3.3
0.0,4.84
0.0,4.87
0.0,3.3
0.0,4.84
0.0,4.87
0.0,3.3
0.0,4.84
0.0,4.87
0.0,3.3
0.0,2.92
0.0,4.87
0.0,3.3
0.0,2.92
0.0,4.87
0.0,3.3
0.0,2.92
0.0,4.87
0.0,3.3
0.0,1.98
0.0,2.92
0.0,3.3
0.0,1.98
0.0,2.92
0.0,3.3
0.0,1.98
0.0,2.92
0.0,3.3
0.0,2.76
0.0,2.92
0.0,3.3
0.0,2.76
0.0,2.92
0.0,3.3
0.0,2.76
0.0,2.92
0.0,3.3
0.0,2.92
0.0,2.92
0.0,3.3
0.0,2.92
0.0,2.92
0.0,3.3
0.0,2.92
0.0,2.92
0.0,3.3
0.0,1.98
0.0,2.92
0.0,3.3
0.0,1.98
0.0,2.92
0.0,3.3
0.0,1.98
0.0,2.92
0.0,3.3
0.0,2.76
0.0,2.92
0.0,3.3
0.0,2.76
0.0,2.92
0.0,3.3
0.0,2.76
0.0,2.92
0.0,3.3
0.0,2.92
0.0,2.92
0.0,3.3
0.0,2.92
0.0,2.92
0.0,3.3
0.0,2.92
0.0,2.92
0.0,3.3
0.0,1.98
0.0,2.92
0.0,3.3
0.0,1.98
0.0,2.92
0.0,3.3
0.0,1.98
0.0,2.92
0.0,3.3
0.0,2.76
0.0,2.92
0.0,3.3
0.0,2.76
0.0,2.92
0.0,3.3
0.0,2.76
0.0,2.92
0.0,3.3
0.0,2.92
0.0,2.92
0.0,3.3
0.0,2.92
0.0,2.92
0.0,3.3
0.0,2.92
0.0,2.92
0.0,3.3
0.0,1.98
0.0,0.66
0.0,3.3
0.0,1.98
0.0,0.66
0.0,3.3
0.0,1.98
0.0,0.66
0.0,3.3
0.0,1.0
0.0,0.66
0.0,3.3
0.0,1.0
0.0,0.66
0.0,3.3
0.0,1.0
0.0,0.66
0.0,3.3
0.0,2.92
0.0,0.66
0.0,3.3
0.0,2.92
0.0,0.66
0.0,3.3
0.0,2.92
0.0,0.66
0.0,3.3
0.0,1.98
0.0,0.66
0.0,3.3
0.0,1.98
0.0,0.66
0.0,3.3
0.0,1.98
0.0,0.66
0.0,3.3
0.0,1.0
0.0,0.66
0.0,3.3
0.0,1.0
0.0,0.66
0.0,3.3
0.0,1.0
0.0,0.66
0.0,3.3
0.0,2.92
0.0,0.66
0.0,3.3
0.0,2.92
0.0,0.66
0.0,3.3
0.0,2.92
0.0,0.66
0.0,3.3
0.0,1.98
0.0,0.66
0.0,3.3
0.0,1.98
0.0,0.66
0.0,3.3
0.0,1.98
0.0,0.66
0.0,3.3
0.0,1.0
0.0,0.66
0.0,3.3
0.0,1.0
0.0,0.66
0.0,3.3
0.0,1.0
0.0,0.66
0.0,3.3
0.0,2.92
0.0,0.66
0.0,3.3
0.0,2.92
0.0,0.66
0.0,3.3
0.0,2.92
0.0,0.66
0.0,3.3
0.0,1.98
0.0,0.66
0.0,3.3
0.0,1.98
0.0,0.66
0.0,3.3
0.0,1.98
0.0,0.66
0.0,3.3
0.0,1.0
0.0,0.66
0.0,3.3
0.0,1.0
0.0,0.66
0.0,3.3
0.0,1.0
0.0,0.66
0.0,3.3
0.0,2.92
0.0,0.66
0.0,3.3
0.0,2.92
0.0,0.66
0.0,3.3
0.0,2.92
0.0,0.66
0.0,3.3
0.0,1.98
0.0,0.66
0.0,3.3
0.0,1.98
0.0,0.66
0.0,3.3
0.0,1.98
0.0,0.66
0.0,3.3
0.0,1.0
0.0,0.66
0.0,3.3
0.0,1.0
0.0,0.66
0.0,3.3
0.0,1.0
0.0,0.66
0.0,3.3
0.0,2.92
0.0,0.66
0.0,3.3
0.0,2.92
0.0,0.66
0.0,3.3
0.0,2.92
0.0,0.66
0.0,3.3
0.0,1.98
0.0,0.66
0.0,3.3
0.0,1.98
0.0,0.66
0.0,3.3
0.0,1.98
0.0,0.66
0.0,3.3
0.0,1.0
0.0,0.66
0.0,3.3
0.0,1.0
0.0,0.66
0.0,3.3
0.0,1.0
0.0,0.66
0.0,3.3
0.0,2.92
0.0,0.66
0.0,3.3
0.0,2.92
0.0,0.66
0.0,3.3
0.0,2.92
0.0,0.66
0.0,3.3
0.0,1.98
0.0,0.66
0.0,3.3
0.0,1.98
0.0,0.66
0.0,3.3
0.0,1.98
0.0,0.66
0.0,3.3
0.0,1.0
0.0,0.66
0.0,3.3
0.0,1.0
0.0,0.66
0.0,3.3
0.0,1.0
0.0,0.66
0.0,3.3
0.0,2.92
0.0,0.66
0.0,3.3
0.0,2.92
0.0,0.66
0.0,3.3
0.0,2.92
0.0,0.66
0.0,3.3
0.0,1.98
0.0,0.66
0.0,3.3
0.0,1.98
0.0,0.66
0.0,3.3
0.0,1.98
0.0,0.66
0.0,3.3
0.0,1.0
0.0,0.66
0.0,3.3
0.0,1.0
0.0,0.66
0.0,3.3
0.0,1.0
0.0,0.66
0.0,3.3
0.0,2.92
0.0,0.66
0.0,3.3
0.0,2.92
0.0,0.66
0.0,3.3
0.0,2.92
0.0,0.66
0.0,3.3
0.0,1.98
0.0,0.66
0.0,3.3
0.0,1.98
0.0,0.66
0.0,3.3
0.0,1.98
0.0,0.66
0.0,3.3
0.0,1.0
0.0,0.66
0.0,3.3
0.0,1.0
0.0,0.66
0.0,3.3
0.0,1.0
0.0,0.66
0.0,3.3
0.0,2.92
0.0,0.66
0.0,3.3
0.0,2.92
0.0,0.66
0.0,3.3
0.0,2.92
0.0,0.66
0.0,3.3
0.0,1.98
0.0,1.96
0.0,2.05
0.0,1.98
0.0,1.0
0.0,1.11
0.0,1.98
0.0,3.64
0.0,3.7
0.0,1.32
0.0,1.32
0.0,1.43
0.0,1.0
0.0,1.0
0.0,1.11
0.0,3.64
0.0,3.64
0.0,3.7
0.0,3.35
0.0,3.29
0.0,3.38
0.0,1.11
0.0,1.0
0.0,1.11
0.0,3.64
0.0,3.64
0.0,3.7
0.0,1.98
0.0,1.96
0.0,3.95
0.0,1.98
0.0,1.0
0.0,3.95
0.0,1.98
0.0,3.1
0.0,3.95
0.0,1.32
0.0,1.32
0.0,3.95
0.0,1.0
0.0,1.0
0.0,3.95
0.0,2.92
0.0,3.1
0.0,3.95
0.0,3.56
0.0,2.92
0.0,3.95
0.0,3.56
0.0,1.0
0.0,3.95
0.0,3.56
0.0,3.1
0.0,3.95
0.0,1.98
0.0,1.96
0.0,3.0
0.0,1.98
0.0,1.0
0.0,3.0
0.0,1.98
0.0,2.4
0.0,3.0
0.0,1.32
0.0,1.32
0.0,3.0
0.0,1.0
0.0,1.0
0.0,3.0
0.0,2.32
0.0,2.4
0.0,3.0
0.0,2.76
0.0,2.32
0.0,3.0
0.0,2.76
0.0,1.0
0.0,3.0
0.0,2.76
0.0,2.4
0.0,3.0
0.0,1.98
0.0,1.96
0.0,2.05
0.0,1.98
0.0,1.0
0.0,1.11
0.0,1.98
0.0,3.64
0.0,3.7
0.0,1.32
0.0,1.32
0.0,1.43
0.0,1.0
0.0,1.0
0.0,1.11
0.0,3.64
0.0,3.64
0.0,3.7
0.0,3.35
0.0,3.29
0.0,3.38
0.0,1.11
0.0,1.0
0.0,1.11
0.0,3.64
0.0,3.64
0.0,3.7
0.0,1.98
0.0,1.96
0.0,4.9
0.0,1.98
0.0,1.0
0.0,4.9
0.0,1.98
0.0,4.82
0.0,4.9
0.0,1.32
0.0,1.32
0.0,4.9
0.0,1.0
0.0,1.0
0.0,4.9
0.0,4.79
0.0,4.82
0.0,4.9
0.0,4.87
0.0,4.79
0.0,4.9
0.0,4.87
0.0,1.0
0.0,4.9
0.0,4.87
0.0,4.82
0.0,4.9
0.0,1.98
0.0,1.96
0.0,3.0
0.0,1.98
0.0,1.0
0.0,3.0
0.0,1.98
0.0,2.4
0.0,3.0
0.0,1.32
0.0,1.32
0.0,3.0
0.0,1.0
0.0,1.0
0.0,3.0
0.0,2.32
0.0,2.4
0.0,3.0
0.0,2.76
0.0,2.32
0.0,3.0
0.0,2.76
0.0,1.0
0.0,3.0
0.0,2.76
0.0,2.4
0.0,3.0
0.0,1.98
0.0,1.96
0.0,2.05
0.0,1.98
0.0,1.0
0.0,1.11
0.0,1.98
0.0,3.64
0.0,3.7
0.0,1.32
0.0,1.32
0.0,1.43
0.0,1.0
0.0,1.0
0.0,1.11
0.0,3.64
0.0,3.64
0.0,3.7
0.0,3.35
0.0,3.29
0.0,3.38
0.0,1.11
0.0,1.0
0.0,1.11
0.0,3.64
0.0,3.64
0.0,3.7
0.0,1.98
0.0,1.96
0.0,4.42
0.0,1.98
0.0,1.0
0.0,4.42
0.0,1.98
0.0,4.36
0.0,4.42
0.0,1.32
0.0,1.32
0.0,4.42
0.0,1.0
0.0,1.0
0.0,4.42
0.0,4.33
0.0,4.36
0.0,4.42
0.0,4.36
0.0,4.33
0.0,4.42
0.0,4.36
0.0,1.0
0.0,4.42
0.0,4.36
0.0,4.36
0.0,4.42
0.0,1.98
0.0,1.96
0.0,3.0
0.0,1.98
0.0,1.0
0.0,3.0
0.0,1.98
0.0,2.4
0.0,3.0
0.0,1.32
0.0,1.32
0.0,3.0
0.0,1.0
0.0,1.0
0.0,3.0
0.0,2.32
0.0,2.4
0.0,3.0
0.0,2.76
0.0,2.32
0.0,3.0
0.0,2.76
0.0,1.0
0.0,3.0
0.0,2.76
0.0,2.4
0.0,3.0
0.0,1.98
0.0,2.31
0.0,2.05
0.0,1.98
0.0,2.31
0.0,3.1
0.0,1.98
0.0,2.31
0.0,3.7
0.0,2.2
0.0,2.31
0.0,2.98
0.0,2.2
0.0,2.31
0.0,3.1
0.0,2.2
0.0,2.31
0.0,3.7
0.0,3.35
0.0,2.31
0.0,3.38
0.0,2.92
0.0,2.31
0.0,3.1
0.0,3.64
0.0,2.31
0.0,3.7
0.0,1.98
0.0,2.31
0.0,3.95
0.0,1.98
0.0,2.31
0.0,3.95
0.0,1.98
0.0,2.31
0.0,3.95
0.0,2.2
0.0,2.31
0.0,3.95
0.0,2.2
0.0,2.31
0.0,3.95
0.0,2.2
0.0,2.31
0.0,3.95
0.0,3.56
0.0,2.31
0.0,3.95
0.0,3.56
0.0,2.31
0.0,3.95
0.0,3.56
0.0,2.31
0.0,3.95
0.0,1.98
0.0,2.31
0.0,3.0
0.0,1.98
0.0,2.31
0.0,3.0
0.0,1.98
0.0,2.31
0.0,3.0
0.0,2.2
0.0,2.31
0.0,3.0
0.0,2.2
0.0,2.31
0.0,3.0
0.0,2.2
0.0,2.31
0.0,3.0
0.0,2.76
0.0,2.31
0.0,3.0
0.0,2.76
0.0,2.31
0.0,3.0
0.0,2.76
0.0,2.31
0.0,3.0
0.0,1.98
0.0,4.87
0.0,2.05
0.0,1.98
0.0,4.87
0.0,4.82
0.0,1.98
0.0,4.87
0.0,3.7
0.0,4.84
0.0,4.87
0.0,4.79
0.0,4.84
0.0,4.87
0.0,4.82
0.0,4.84
0.0,4.87
0.0,3.7
0.0,3.35
0.0,4.87
0.0,3.38
0.0,4.79
0.0,4.87
0.0,4.82
0.0,3.64
0.0,4.87
0.0,3.7
0.0,1.98
0.0,4.87
0.0,4.9
0.0,1.98
0.0,4.87
0.0,4.9
0.0,1.98
0.0,4.87
0.0,4.9
0.0,4.84
0.0,4.87
0.0,4.9
0.0,4.84
0.0,4.87
0.0,4.9
0.0,4.84
0.0,4.87
0.0,4.9
0.0,4.87
0.0,4.87
0.0,4.9
0.0,4.87
0.0,4.87
0.0,4.9
0.0,4.87
0.0,4.87
0.0,4.9
0.0,1.98
0.0,4.87
0.0,3.0
0.0,1.98
0.0,4.87
0.0,3.0
0.0,1.98
0.0,4.87
0.0,3.0
0.0,4.84
0.0,4.87
0.0,3.0
0.0,4.84
0.0,4.87
0.0,3.0
0.0,4.84
0.0,4.87
0.0,3.0
0.0,2.76
0.0,4.87
0.0,3.0
0.0,2.76
0.0,4.87
0.0,3.0
0.0,2.76
0.0,4.87
0.0,3.0
0.0,1.98
0.0,2.06
0.0,2.05
0.0,1.98
0.0,3.27
0.0,3.3
0.0,1.98
0.0,3.67
0.0,3.7
0.0,3.1
0.0,3.1
0.0,3.1
0.0,3.24
0.0,3.27
0.0,3.3
0.0,3.67
0.0,3.67
0.0,3.7
0.0,3.35
0.0,3.3
0.0,3.38
0.0,3.24
0.0,3.27
0.0,3.3
0.0,3.64
0.0,3.67
0.0,3.7
0.0,1.98
0.0,4.39
0.0,4.42
0.0,1.98
0.0,4.39
0.0,4.42
0.0,1.98
0.0,4.39
0.0,4.42
0.0,4.36
0.0,4.39
0.0,4.42
0.0,4.36
0.0,4.39
0.0,4.42
0.0,4.36
0.0,4.39
0.0,4.42
0.0,4.36
0.0,4.39
0.0,4.42
0.0,4.36
0.0,4.39
0.0,4.42
0.0,4.36
0.0,4.39
0.0,4.42
0.0,1.98
0.0,2.82
0.0,3.0
0.0,1.98
0.0,2.82
0.0,3.0
0.0,1.98
0.0,2.82
0.0,3.0
0.0,2.68
0.0,2.82
0.0,3.0
0.0,2.68
0.0,2.82
0.0,3.0
0.0,2.68
0.0,2.82
0.0,3.0
0.0,2.76
0.0,2.82
0.0,3.0
0.0,2.76
0.0,2.82
0.0,3.0
0.0,2.76
0.0,2.82
0.0,3.0
0.0,1.98
0.0,0.66
0.0,2.05
0.0,1.98
0.0,0.66
0.0,2.4
0.0,1.98
0.0,0.66
0.0,3.7
0.0,1.0
0.0,0.66
0.0,2.38
0.0,1.0
0.0,0.66
0.0,2.4
0.0,1.0
0.0,0.66
0.0,3.7
0.0,3.35
0.0,0.66
0.0,3.38
0.0,2.32
0.0,0.66
0.0,2.4
0.0,3.64
0.0,0.66
0.0,3.7
0.0,1.98
0.0,0.66
0.0,3.95
0.0,1.98
0.0,0.66
0.0,3.95
0.0,1.98
0.0,0.66
0.0,3.95
0.0,1.0
0.0,0.66
0.0,3.95
0.0,1.0
0.0,0.66
0.0,3.95
0.0,1.0
0.0,0.66
0.0,3.95
0.0,3.56
0.0,0.66
0.0,3.95
0.0,3.56
0.0,0.66
0.0,3.95
0.0,3.56
0.0,0.66
0.0,3.95
0.0,1.98
0.0,0.66
0.0,3.0
0.0,1.98
0.0,0.66
0.0,3.0
0.0,1.98
0.0,0.66
0.0,3.0
0.0,1.0
0.0,0.66
0.0,3.0
0.0,1.0
0.0,0.66
0.0,3.0
0.0,1.0
0.0,0.66
0.0,3.0
0.0,2.76
0.0,0.66
0.0,3.0
0.0,2.76
0.0,0.66
0.0,3.0
0.0,2.76
0.0,0.66
0.0,3.0
0.0,1.98
0.0,0.66
0.0,2.05
0.0,1.98
0.0,0.66
0.0,2.4
0.0,1.98
0.0,0.66
0.0,3.7
0.0,1.0
0.0,0.66
0.0,2.38
0.0,1.0
0.0,0.66
0.0,2.4
0.0,1.0
0.0,0.66
0.0,3.7
0.0,3.35
0.0,0.66
0.0,3.38
0.0,2.32
0.0,0.66
0.0,2.4
0.0,3.64
0.0,0.66
0.0,3.7
0.0,1.98
0.0,0.66
0.0,4.9
0.0,1.98
0.0,0.66
0.0,4.9
0.0,1.98
0.0,0.66
0.0,4.9
0.0,1.0
0.0,0.66
0.0,4.9
0.0,1.0
0.0,0.66
0.0,4.9
0.0,1.0
0.0,0.66
0.0,4.9
0.0,4.87
0.0,0.66
0.0,4.9
0.0,4.87
0.0,0.66
0.0,4.9
0.0,4.87
0.0,0.66
0.0,4.9
0.0,1.98
0.0,0.66
0.0,3.0
0.0,1.98
0.0,0.66
0.0,3.0
0.0,1.98
0.0,0.66
0.0,3.0
0.0,1.0
0.0,0.66
0.0,3.0
0.0,1.0
0.0,0.66
0.0,3.0
0.0,1.0
0.0,0.66
0.0,3.0
0.0,2.76
0.0,0.66
0.0,3.0
0.0,2.76
0.0,0.66
0.0,3.0
0.0,2.76
0.0,0.66
0.0,3.0
0.0,1.98
0.0,0.66
0.0,2.05
0.0,1.98
0.0,0.66
0.0,2.4
0.0,1.98
0.0,0.66
0.0,3.7
0.0,1.0
0.0,0.66
0.0,2.38
0.0,1.0
0.0,0.66
0.0,2.4
0.0,1.0
0.0,0.66
0.0,3.7
0.0,3.35
0.0,0.66
0.0,3.38
0.0,2.32
0.0,0.66
0.0,2.4
0.0,3.64
0.0,0.66
0.0,3.7
0.0,1.98
0.0,0.66
0.0,4.42
0.0,1.98
0.0,0.66
0.0,4.42
0.0,1.98
0.0,0.66
0.0,4.42
0.0,1.0
0.0,0.66
0.0,4.42
0.0,1.0
0.0,0.66
0.0,4.42
0.0,1.0
0.0,0.66
0.0,4.42
0.0,4.36
0.0,0.66
0.0,4.42
0.0,4.36
0.0,0.66
0.0,4.42
0.0,4.36
0.0,0.66
0.0,4.42
0.0,1.98
0.0,0.66
0.0,3.0
0.0,1.98
0.0,0.66
0.0,3.0
0.0,1.98
0.0,0.66
0.0,3.0
0.0,1.0
0.0,0.66
0.0,3.0
0.0,1.0
0.0,0.66
0.0,3.0
0.0,1.0
0.0,0.66
0.0,3.0
0.0,2.76
0.0,0.66
0.0,3.0
0.0,2.76
0.0,0.66
0.0,3.0
0.0,2.76
0.0,0.66
0.0,3.0
0.0,1.98
0.0,1.96
0.0,7.78
0.0,1.98
0.0,1.0
0.0,7.78
0.0,1.98
0.0,7.64
0.0,7.78
0.0,1.32
0.0,1.32
0.0,7.78
0.0,1.0
0.0,1.0
0.0,7.78
0.0,7.58
0.0,7.64
0.0,7.78
0.0,7.72
0.0,7.58
0.0,7.78
0.0,7.72
0.0,1.0
0.0,7.78
0.0,7.72
0.0,7.64
0.0,7.78
0.0,1.98
0.0,1.96
0.0,7.78
0.0,1.98
0.0,1.0
0.0,7.78
0.0,1.98
0.0,7.64
0.0,7.78
0.0,1.32
0.0,1.32
0.0,7.78
0.0,1.0
0.0,1.0
0.0,7.78
0.0,7.58
0.0,7.64
0.0,7.78
0.0,7.72
0.0,7.58
0.0,7.78
0.0,7.72
0.0,1.0
0.0,7.78
0.0,7.72
0.0,7.64
0.0,7.78
0.0,1.98
0.0,1.96
0.0,7.78
0.0,1.98
0.0,1.0
0.0,7.78
0.0,1.98
0.0,7.64
0.0,7.78
0.0,1.32
0.0,1.32
0.0,7.78
0.0,1.0
0.0,1.0
0.0,7.78
0.0,7.58
0.0,7.64
0.0,7.78
0.0,7.72
0.0,7.58
0.0,7.78
0.0,7.72
0.0,1.0
0.0,7.78
0.0,7.72
0.0,7.64
0.0,7.78
0.0,1.98
0.0,1.96
0.0,7.78
0.0,1.98
0.0,1.0
0.0,7.78
0.0,1.98
0.0,7.64
0.0,7.78
0.0,1.32
0.0,1.32
0.0,7.78
0.0,1.0
0.0,1.0
0.0,7.78
0.0,7.58
0.0,7.64
0.0,7.78
0.0,7.72
0.0,7.58
0.0,7.78
0.0,7.72
0.0,1.0
0.0,7.78
0.0,7.72
0.0,7.64
0.0,7.78
0.0,1.98
0.0,1.96
0.0,7.78
0.0,1.98
0.0,1.0
0.0,7.78
0.0,1.98
0.0,7.64
0.0,7.78
0.0,1.32
0.0,1.32
0.0,7.78
0.0,1.0
0.0,1.0
0.0,7.78
0.0,7.58
0.0,7.64
0.0,7.78
0.0,7.72
0.0,7.58
0.0,7.78
0.0,7.72
0.0,1.0
0.0,7.78
0.0,7.72
0.0,7.64
0.0,7.78
0.0,1.98
0.0,1.96
0.0,7.78
0.0,1.98
0.0,1.0
0.0,7.78
0.0,1.98
0.0,7.64
0.0,7.78
0.0,1.32
0.0,1.32
0.0,7.78
0.0,1.0
0.0,1.0
0.0,7.78
0.0,7.58
0.0,7.64
0.0,7.78
0.0,7.72
0.0,7.58
0.0,7.78
0.0,7.72
0.0,1.0
0.0,7.78
0.0,7.72
0.0,7.64
0.0,7.78
0.0,1.98
0.0,1.96
0.0,7.78
0.0,1.98
0.0,1.0
0.0,7.78
0.0,1.98
0.0,7.64
0.0,7.78
0.0,1.32
0.0,1.32
0.0,7.78
0.0,1.0
0.0,1.0
0.0,7.78
0.0,7.58
0.0,7.64
0.0,7.78
0.0,7.72
0.0,7.58
0.0,7.78
0.0,7.72
0.0,1.0
0.0,7.78
0.0,7.72
0.0,7.64
0.0,7.78
0.0,1.98
0.0,1.96
0.0,7.78
0.0,1.98
0.0,1.0
0.0,7.78
0.0,1.98
0.0,7.64
0.0,7.78
0.0,1.32
0.0,1.32
0.0,7.78
0.0,1.0
0.0,1.0
0.0,7.78
0.0,7.58
0.0,7.64
0.0,7.78
0.0,7.72
0.0,7.58
0.0,7.78
0.0,7.72
0.0,1.0
0.0,7.78
0.0,7.72
0.0,7.64
0.0,7.78
0.0,1.98
0.0,1.96
0.0,7.78
0.0,1.98
0.0,1.0
0.0,7.78
0.0,1.98
0.0,7.64
0.0,7.78
0.0,1.32
0.0,1.32
0.0,7.78
0.0,1.0
0.0,1.0
0.0,7.78
0.0,7.58
0.0,7.64
0.0,7.78
0.0,7.72
0.0,7.58
0.0,7.78
0.0,7.72
0.0,1.0
0.0,7.78
0.0,7.72
0.0,7.64
0.0,7.78
0.0,1.98
0.0,2.31
0.0,7.78
0.0,1.98
0.0,2.31
0.0,7.78
0.0,1.98
0.0,2.31
0.0,7.78
0.0,2.2
0.0,2.31
0.0,7.78
0.0,2.2
0.0,2.31
0.0,7.78
0.0,2.2
0.0,2.31
0.0,7.78
0.0,7.72
0.0,2.31
0.0,7.78
0.0,7.72
0.0,2.31
0.0,7.78
0.0,7.72
0.0,2.31
0.0,7.78
0.0,1.98
0.0,2.31
0.0,7.78
0.0,1.98
0.0,2.31
0.0,7.78
0.0,1.98
0.0,2.31
0.0,7.78
0.0,2.2
0.0,2.31
0.0,7.78
0.0,2.2
0.0,2.31
0.0,7.78
0.0,2.2
0.0,2.31
0.0,7.78
0.0,7.72
0.0,2.31
0.0,7.78
0.0,7.72
0.0,2.31
0.0,7.78
0.0,7.72
0.0,2.31
0.0,7.78
0.0,1.98
0.0,2.31
0.0,7.78
0.0,1.98
0.0,2.31
0.0,7.78
0.0,1.98
0.0,2.31
0.0,7.78
0.0,2.2
0.0,2.31
0.0,7.78
0.0,2.2
0.0,2.31
0.0,7.78
0.0,2.2
0.0,2.31
0.0,7.78
0.0,7.72
0.0,2.31
0.0,7.78
0.0,7.72
0.0,2.31
0.0,7.78
0.0,7.72
0.0,2.31
0.0,7.78
0.0,1.98
0.0,4.87
0.0,7.78
0.0,1.98
0.0,4.87
0.0,7.78
0.0,1.98
0.0,4.87
0.0,7.78
0.0,4.84
0.0,4.87
0.0,7.78
0.0,4.84
0.0,4.87
0.0,7.78
0.0,4.84
0.0,4.87
0.0,7.78
0.0,7.72
0.0,4.87
0.0,7.78
0.0,7.72
0.0,4.87
0.0,7.78
0.0,7.72
0.0,4.87
0.0,7.78
0.0,1.98
0.0,4.87
0.0,7.78
0.0,1.98
0.0,4.87
0.0,7.78
0.0,1.98
0.0,4.87
0.0,7.78
0.0,4.84
0.0,4.87
0.0,7.78
0.0,4.84
0.0,4.87
0.0,7.78
0.0,4.84
0.0,4.87
0.0,7.78
0.0,7.72
0.0,4.87
0.0,7.78
0.0,7.72
0.0,4.87
0.0,7.78
0.0,7.72
0.0,4.87
0.0,7.78
0.0,1.98
0.0,4.87
0.0,7.78
0.0,1.98
0.0,4.87
0.0,7.78
0.0,1.98
0.0,4.87
0.0,7.78
0.0,4.84
0.0,4.87
0.0,7.78
0.0,4.84
0.0,4.87
0.0,7.78
0.0,4.84
0.0,4.87
0.0,7.78
0.0,7.72
0.0,4.87
0.0,7.78
0.0,7.72
0.0,4.87
0.0,7.78
0.0,7.72
0.0,4.87
0.0,7.78
0.0,1.98
0.0,7.67
0.0,7.78
0.0,1.98
0.0,7.67
0.0,7.78
0.0,1.98
0.0,7.67
0.0,7.78
0.0,7.61
0.0,7.67
0.0,7.78
0.0,7.61
0.0,7.67
0.0,7.78
0.0,7.61
0.0,7.67
0.0,7.78
0.0,7.72
0.0,7.67
0.0,7.78
0.0,7.72
0.0,7.67
0.0,7.78
0.0,7.72
0.0,7.67
0.0,7.78
0.0,1.98
0.0,7.67
0.0,7.78
0.0,1.98
0.0,7.67
0.0,7.78
0.0,1.98
0.0,7.67
0.0,7.78
0.0,7.61
0.0,7.67
0.0,7.78
0.0,7.61
0.0,7.67
0.0,7.78
0.0,7.61
0.0,7.67
0.0,7.78
0.0,7.72
0.0,7.67
0.0,7.78
0.0,7.72
0.0,7.67
0.0,7.78
0.0,7.72
0.0,7.67
0.0,7.78
0.0,1.98
0.0,7.67
0.0,7.78
0.0,1.98
0.0,7.67
0.0,7.78
0.0,1.98
0.0,7.67
0.0,7.78
0.0,7.61
0.0,7.67
0.0,7.78
0.0,7.61
0.0,7.67
0.0,7.78
0.0,7.61
0.0,7.67
0.0,7.78
0.0,7.72
0.0,7.67
0.0,7.78
0.0,7.72
0.0,7.67
0.0,7.78
0.0,7.72
0.0,7.67
0.0,7.78
0.0,1.98
0.0,0.66
0.0,7.78
0.0,1.98
0.0,0.66
0.0,7.78
0.0,1.98
0.0,0.66
0.0,7.78
0.0,1.0
0.0,0.66
0.0,7.78
0.0,1.0
0.0,0.66
0.0,7.78
0.0,1.0
0.0,0.66
0.0,7.78
0.0,7.72
0.0,0.66
0.0,7.78
0.0,7.72
0.0,0.66
0.0,7.78
0.0,7.72
0.0,0.66
0.0,7.78
0.0,1.98
0.0,0.66
0.0,7.78
0.0,1.98
0.0,0.66
0.0,7.78
0.0,1.98
0.0,0.66
0.0,7.78
0.0,1.0
0.0,0.66
0.0,7.78
0.0,1.0
0.0,0.66
0.0,7.78
0.0,1.0
0.0,0.66
0.0,7.78
0.0,7.72
0.0,0.66
0.0,7.78
0.0,7.72
0.0,0.66
0.0,7.78
0.0,7.72
0.0,0.66
0.0,7.78
0.0,1.98
0.0,0.66
0.0,7.78
0.0,1.98
0.0,0.66
0.0,7.78
0.0,1.98
0.0,0.66
0.0,7.78
0.0,1.0
0.0,0.66
0.0,7.78
0.0,1.0
0.0,0.66
0.0,7.78
0.0,1.0
0.0,0.66
0.0,7.78
0.0,7.72
0.0,0.66
0.0,7.78
0.0,7.72
0.0,0.66
0.0,7.78
0.0,7.72
0.0,0.66
0.0,7.78
0.0,1.98
0.0,0.66
0.0,7.78
0.0,1.98
0.0,0.66
0.0,7.78
0.0,1.98
0.0,0.66
0.0,7.78
0.0,1.0
0.0,0.66
0.0,7.78
0.0,1.0
0.0,0.66
0.0,7.78
0.0,1.0
0.0,0.66
0.0,7.78
0.0,7.72
0.0,0.66
0.0,7.78
0.0,7.72
0.0,0.66
0.0,7.78
0.0,7.72
0.0,0.66
0.0,7.78
0.0,1.98
0.0,0.66
0.0,7.78
0.0,1.98
0.0,0.66
0.0,7.78
0.0,1.98
0.0,0.66
0.0,7.78
0.0,1.0
0.0,0.66
0.0,7.78
0.0,1.0
0.0,0.66
0.0,7.78
0.0,1.0
0.0,0.66
0.0,7.78
0.0,7.72
0.0,0.66
0.0,7.78
0.0,7.72
0.0,0.66
0.0,7.78
0.0,7.72
0.0,0.66
0.0,7.78
0.0,1.98
0.0,0.66
0.0,7.78
0.0,1.98
0.0,0.66
0.0,7.78
0.0,1.98
0.0,0.66
0.0,7.78
0.0,1.0
0.0,0.66
0.0,7.78
0.0,1.0
0.0,0.66
0.0,7.78
0.0,1.0
0.0,0.66
0.0,7.78
0.0,7.72
0.0,0.66
0.0,7.78
0.0,7.72
0.0,0.66
0.0,7.78
0.0,7.72
0.0,0.66
0.0,7.78
0.0,1.98
0.0,0.66
0.0,7.78
0.0,1.98
0.0,0.66
0.0,7.78
0.0,1.98
0.0,0.66
0.0,7.78
0.0,1.0
0.0,0.66
0.0,7.78
0.0,1.0
0.0,0.66
0.0,7.78
0.0,1.0
0.0,0.66
0.0,7.78
0.0,7.72
0.0,0.66
0.0,7.78
0.0,7.72
0.0,0.66
0.0,7.78
0.0,7.72
0.0,0.66
0.0,7.78
0.0,1.98
0.0,0.66
0.0,7.78
0.0,1.98
0.0,0.66
0.0,7.78
0.0,1.98
0.0,0.66
0.0,7.78
0.0,1.0
0.0,0.66
0.0,7.78
0.0,1.0
0.0,0.66
0.0,7.78
0.0,1.0
0.0,0.66
0.0,7.78
0.0,7.72
0.0,0.66
0.0,7.78
0.0,7.72
0.0,0.66
0.0,7.78
0.0,7.72
0.0,0.66
0.0,7.78
0.0,1.98
0.0,0.66
0.0,7.78
0.0,1.98
0.0,0.66
0.0,7.78
0.0,1.98
0.0,0.66
0.0,7.78
0.0,1.0
0.0,0.66
0.0,7.78
0.0,1.0
0.0,0.66
0.0,7.78
0.0,1.0
0.0,0.66
0.0,7.78
0.0,7.72
0.0,0.66
0.0,7.78
0.0,7.72
0.0,0.66
0.0,7.78
0.0,7.72
0.0,0.66
0.0,7.78
0.0,2.01
0.0,2.01
0.0,2.01
0.0,1.03
0.0,1.03
0.0,1.03
0.0,2.05
0.0,2.43
0.0,3.27
0.0,1.37
0.0,1.37
0.0,1.37
0.0,1.03
0.0,1.03
0.0,1.03
0.0,2.31
0.0,2.43
0.0,3.27
0.0,2.97
0.0,2.33
0.0,3.29
0.0,1.03
0.0,1.03
0.0,1.03
0.0,2.95
0.0,2.43
0.0,3.27
0.0,2.04
0.0,2.02
0.0,3.32
0.0,2.04
0.0,1.08
0.0,3.32
0.0,2.04
0.0,2.4
0.0,3.32
0.0,1.4
0.0,1.4
0.0,3.32
0.0,1.08
0.0,1.08
0.0,3.32
0.0,2.36
0.0,2.4
0.0,3.32
0.0,3.0
0.0,2.36
0.0,3.32
0.0,3.0
0.0,1.08
0.0,3.32
0.0,3.0
0.0,2.4
0.0,3.32
0.0,2.5
0.0,2.5
0.0,2.5
0.0,2.5
0.0,2.5
0.0,2.5
0.0,2.5
0.0,2.5
0.0,2.5
0.0,2.5
0.0,2.5
0.0,2.5
0.0,2.5
0.0,2.5
0.0,2.5
0.0,2.5
0.0,2.5
0.0,2.5
0.0,2.5
0.0,2.5
0.0,2.5
0.0,2.5
0.0,2.5
0.0,2.5
0.0,2.5
0.0,2.5
0.0,2.5
0.0,2.01
0.0,2.01
0.0,2.01
0.0,1.03
0.0,1.03
0.0,1.03
0.0,2.05
0.0,2.43
0.0,3.27
0.0,1.37
0.0,1.37
0.0,1.37
0.0,1.03
0.0,1.03
0.0,1.03
0.0,2.31
0.0,2.43
0.0,3.27
0.0,2.97
0.0,2.33
0.0,3.29
0.0,1.03
0.0,1.03
0.0,1.03
0.0,2.95
0.0,2.43
0.0,3.27
0.0,4.95
0.0,4.95
0.0,4.95
0.0,4.95
0.0,4.95
0.0,4.95
0.0,4.95
0.0,4.95
0.0,4.95
0.0,4.95
0.0,4.95
0.0,4.95
0.0,4.95
0.0,4.95
0.0,4.95
0.0,4.95
0.0,4.95
0.0,4.95
0.0,4.95
0.0,4.95
0.0,4.95
0.0,4.95
0.0,4.95
0.0,4.95
0.0,4.95
0.0,4.95
0.0,4.95
0.0,2.5
0.0,2.5
0.0,2.5
0.0,2.5
0.0,2.5
0.0,2.5
0.0,2.5
0.0,2.5
0.0,2.5
0.0,2.5
0.0,2.5
0.0,2.5
0.0,2.5
0.0,2.5
0.0,2.5
0.0,2.5
0.0,2.5
0.0,2.5
0.0,2.5
0.0,2.5
0.0,2.5
0.0,2.5
0.0,2.5
0.0,2.5
0.0,2.5
0.0,2.5
0.0,2.5
0.0,2.01
0.0,2.01
0.0,2.01
0.0,1.03
0.0,1.03
0.0,1.03
0.0,2.05
0.0,2.43
0.0,3.27
0.0,1.37
0.0,1.37
0.0,1.37
0.0,1.03
0.0,1.03
0.0,1.03
0.0,2.31
0.0,2.43
0.0,3.27
0.0,2.97
0.0,2.33
0.0,3.29
0.0,1.03
0.0,1.03
0.0,1.03
0.0,2.95
0.0,2.43
0.0,3.27
0.0,2.08
0.0,2.06
0.0,3.3
0.0,2.08
0.0,1.14
0.0,3.3
0.0,2.08
0.0,2.46
0.0,3.3
0.0,1.46
0.0,1.44
0.0,3.3
0.0,1.14
0.0,1.14
0.0,3.3
0.0,2.34
0.0,2.46
0.0,3.3
0.0,2.98
0.0,2.34
0.0,3.3
0.0,2.98
0.0,1.14
0.0,3.3
0.0,2.98
0.0,2.46
0.0,3.3
0.0,2.5
0.0,2.5
0.0,2.5
0.0,2.5
0.0,2.5
0.0,2.5
0.0,2.5
0.0,2.5
0.0,2.5
0.0,2.5
0.0,2.5
0.0,2.5
0.0,2.5
0.0,2.5
0.0,2.5
0.0,2.5
0.0,2.5
0.0,2.5
0.0,2.5
0.0,2.5
0.0,2.5
0.0,2.5
0.0,2.5
0.0,2.5
0.0,2.5
0.0,2.5
0.0,2.5
0.0,2.01
0.0,2.01
0.0,2.01
0.0,2.02
0.0,2.31
0.0,3.24
0.0,2.05
0.0,2.34
0.0,3.27
0.0,2.25
0.0,2.33
0.0,3.26
0.0,2.23
0.0,2.31
0.0,3.24
0.0,2.26
0.0,2.34
0.0,3.27
0.0,2.97
0.0,2.36
0.0,3.29
0.0,2.92
0.0,2.31
0.0,3.24
0.0,2.95
0.0,2.34
0.0,3.27
0.0,2.04
0.0,2.36
0.0,3.32
0.0,2.04
0.0,2.36
0.0,3.32
0.0,2.04
0.0,2.36
0.0,3.32
0.0,2.28
0.0,2.36
0.0,3.32
0.0,2.28
0.0,2.36
0.0,3.32
0.0,2.28
0.0,2.36
0.0,3.32
0.0,3.0
0.0,2.36
0.0,3.32
0.0,3.0
0.0,2.36
0.0,3.32
0.0,3.0
0.0,2.36
0.0,3.32
0.0,2.5
0.0,2.5
0.0,2.5
0.0,2.5
0.0,2.5
0.0,2.5
0.0,2.5
0.0,2.5
0.0,2.5
0.0,2.5
0.0,2.5
0.0,2.5
0.0,2.5
0.0,2.5
0.0,2.5
0.0,2.5
0.0,2.5
0.0,2.5
0.0,2.5
0.0,2.5
0.0,2.5
0.0,2.5
0.0,2.5
0.0,2.5
0.0,2.5
0.0,2.5
0.0,2.5
0.0,2.01
0.0,2.01
0.0,2.01
0.0,4.87
0.0,4.87
0.0,4.87
0.0,2.05
0.0,4.82
0.0,3.27
0.0,4.84
0.0,4.84
0.0,4.84
0.0,4.87
0.0,4.87
0.0,4.87
0.0,4.79
0.0,4.82
0.0,3.27
0.0,2.97
0.0,4.79
0.0,3.29
0.0,4.87
0.0,4.87
0.0,4.87
0.0,2.95
0.0,4.82
0.0,3.27
0.0,4.95
0.0,4.95
0.0,4.95
0.0,4.95
0.0,4.95
0.0,4.95
0.0,4.95
0.0,4.95
0.0,4.95
0.0,4.95
0.0,4.95
0.0,4.95
0.0,4.95
0.0,4.95
0.0,4.95
0.0,4.95
0.0,4.95
0.0,4.95
0.0,4.95
0.0,4.95
0.0,4.95
0.0,4.95
0.0,4.95
0.0,4.95
0.0,4.95
0.0,4.95
0.0,4.95
0.0,2.5
0.0,2.5
0.0,2.5
0.0,2.5
0.0,2.5
0.0,2.5
0.0,2.5
0.0,2.5
0.0,2.5
0.0,2.5
0.0,2.5
0.0,2.5
0.0,2.5
0.0,2.5
0.0,2.5
0.0,2.5
0.0,2.5
0.0,2.5
0.0,2.5
0.0,2.5
0.0,2.5
0.0,2.5
0.0,2.5
0.0,2.5
0.0,2.5
0.0,2.5
0.0,2.5
0.0,2.01
0.0,2.01
0.0,2.01
0.0,2.06
0.0,2.97
0.0,3.3
0.0,2.05
0.0,3.0
0.0,3.27
0.0,2.81
0.0,2.94
0.0,3.24
0.0,2.79
0.0,2.97
0.0,3.3
0.0,2.79
0.0,3.0
0.0,3.27
0.0,2.97
0.0,2.94
0.0,3.29
0.0,2.98
0.0,2.97
0.0,3.3
0.0,2.95
0.0,3.0
0.0,3.27
0.0,2.08
0.0,3.03
0.0,3.3
0.0,2.08
0.0,3.03
0.0,3.3
0.0,2.08
0.0,3.03
0.0,3.3
0.0,2.82
0.0,3.03
0.0,3.3
0.0,2.82
0.0,3.03
0.0,3.3
0.0,2.82
0.0,3.03
0.0,3.3
0.0,2.98
0.0,3.03
0.0,3.3
0.0,2.98
0.0,3.03
0.0,3.3
0.0,2.98
0.0,3.03
0.0,3.3
0.0,2.5
0.0,2.5
0.0,2.5
0.0,2.5
0.0,2.5
0.0,2.5
0.0,2.5
0.0,2.5
0.0,2.5
0.0,2.5
0.0,2.5
0.0,2.5
0.0,2.5
0.0,2.5
0.0,2.5
0.0,2.5
0.0,2.5
0.0,2.5
0.0,2.5
0.0,2.5
0.0,2.5
0.0,2.5
0.0,2.5
0.0,2.5
0.0,2.5
0.0,2.5
0.0,2.5
0.0,2.01
0.0,2.01
0.0,2.01
0.0,1.75
0.0,1.75
0.0,1.75
0.0,2.05
0.0,2.43
0.0,3.27
0.0,1.8
0.0,1.8
0.0,1.8
0.0,1.75
0.0,1.75
0.0,1.75
0.0,2.35
0.0,2.43
0.0,3.27
0.0,2.97
0.0,2.37
0.0,3.29
0.0,1.75
0.0,1.75
0.0,1.75
0.0,2.95
0.0,2.43
0.0,3.27
0.0,2.04
0.0,2.4
0.0,3.32
0.0,2.04
0.0,2.4
0.0,3.32
0.0,2.04
0.0,2.4
0.0,3.32
0.0,2.36
0.0,2.4
0.0,3.32
0.0,2.36
0.0,2.4
0.0,3.32
0.0,2.36
0.0,2.4
0.0,3.32
0.0,3.0
0.0,2.4
0.0,3.32
0.0,3.0
0.0,2.4
0.0,3.32
0.0,3.0
0.0,2.4
0.0,3.32
0.0,2.5
0.0,2.5
0.0,2.5
0.0,2.5
0.0,2.5
0.0,2.5
0.0,2.5
0.0,2.5
0.0,2.5
0.0,2.5
0.0,2.5
0.0,2.5
0.0,2.5
0.0,2.5
0.0,2.5
0.0,2.5
0.0,2.5
0.0,2.5
0.0,2.5
0.0,2.5
0.0,2.5
0.0,2.5
0.0,2.5
0.0,2.5
0.0,2.5
0.0,2.5
0.0,2.5
0.0,2.01
0.0,2.01
0.0,2.01
0.0,1.75
0.0,1.75
0.0,1.75
0.0,2.05
0.0,2.43
0.0,3.27
0.0,1.8
0.0,1.8
0.0,1.8
0.0,1.75
0.0,1.75
0.0,1.75
0.0,2.35
0.0,2.43
0.0,3.27
0.0,2.97
0.0,2.37
0.0,3.29
0.0,1.75
0.0,1.75
0.0,1.75
0.0,2.95
0.0,2.43
0.0,3.27
0.0,4.95
0.0,4.95
0.0,4.95
0.0,4.95
0.0,4.95
0.0,4.95
0.0,4.95
0.0,4.95
0.0,4.95
0.0,4.95
0.0,4.95
0.0,4.95
0.0,4.95
0.0,4.95
0.0,4.95
0.0,4.95
0.0,4.95
0.0,4.95
0.0,4.95
0.0,4.95
0.0,4.95
0.0,4.95
0.0,4.95
0.0,4.95
0.0,4.95
0.0,4.95
0.0,4.95
0.0,2.5
0.0,2.5
0.0,2.5
0.0,2.5
0.0,2.5
0.0,2.5
0.0,2.5
0.0,2.5
0.0,2.5
0.0,2.5
0.0,2.5
0.0,2.5
0.0,2.5
0.0,2.5
0.0,2.5
0.0,2.5
0.0,2.5
0.0,2.5
0.0,2.5
0.0,2.5
0.0,2.5
0.0,2.5
0.0,2.5
0.0,2.5
0.0,2.5
0.0,2.5
0.0,2.5
0.0,2.01
0.0,2.01
0.0,2.01
0.0,1.75
0.0,1.75
0.0,1.75
0.0,2.05
0.0,2.43
0.0,3.27
0.0,1.8
0.0,1.8
0.0,1.8
0.0,1.75
0.0,1.75
0.0,1.75
0.0,2.35
0.0,2.43
0.0,3.27
0.0,2.97
0.0,2.37
0.0,3.29
0.0,1.75
0.0,1.75
0.0,1.75
0.0,2.95
0.0,2.43
0.0,3.27
0.0,2.08
0.0,2.85
0.0,3.3
0.0,2.08
0.0,2.85
0.0,3.3
0.0,2.08
0.0,2.85
0.0,3.3
0.0,2.74
0.0,2.85
0.0,3.3
0.0,2.74
0.0,2.85
0.0,3.3
0.0,2.74
0.0,2.85
0.0,3.3
0.0,2.98
0.0,2.85
0.0,3.3
0.0,2.98
0.0,2.85
0.0,3.3
0.0,2.98
0.0,2.85
0.0,3.3
0.0,2.5
0.0,2.5
0.0,2.5
0.0,2.5
0.0,2.5
0.0,2.5
0.0,2.5
0.0,2.5
0.0,2.5
0.0,2.5
0.0,2.5
0.0,2.5
0.0,2.5
0.0,2.5
0.0,2.5
0.0,2.5
0.0,2.5
0.0,2.5
0.0,2.5
0.0,2.5
0.0,2.5
0.0,2.5
0.0,2.5
0.0,2.5
0.0,2.5
0.0,2.5
0.0,2.5
0.0,2.01
0.0,2.01
0.0,2.01
0.0,1.03
0.0,1.03
0.0,1.03
0.0,3.67
0.0,3.67
0.0,3.67
0.0,1.37
0.0,1.37
0.0,1.37
0.0,1.03
0.0,1.03
0.0,1.03
0.0,3.67
0.0,3.67
0.0,3.67
0.0,3.32
0.0,3.32
0.0,3.32
0.0,1.03
0.0,1.03
0.0,1.03
0.0,3.67
0.0,3.67
0.0,3.67
0.0,2.04
0.0,2.02
0.0,3.92
0.0,2.04
0.0,1.08
0.0,3.92
0.0,2.04
0.0,3.13
0.0,3.92
0.0,1.4
0.0,1.4
0.0,3.92
0.0,1.08
0.0,1.08
0.0,3.92
0.0,3.0
0.0,3.13
0.0,3.92
0.0,3.64
0.0,3.0
0.0,3.92
0.0,3.64
0.0,1.08
0.0,3.92
0.0,3.64
0.0,3.13
0.0,3.92
0.0,2.5
0.0,2.5
0.0,2.5
0.0,2.5
0.0,2.5
0.0,2.5
0.0,2.5
0.0,2.5
0.0,2.5
0.0,2.5
0.0,2.5
0.0,2.5
0.0,2.5
0.0,2.5
0.0,2.5
0.0,2.5
0.0,2.5
0.0,2.5
0.0,2.5
0.0,2.5
0.0,2.5
0.0,2.5
0.0,2.5
0.0,2.5
0.0,2.5
0.0,2.5
0.0,2.5
0.0,2.01
0.0,2.01
0.0,2.01
0.0,1.03
0.0,1.03
0.0,1.03
0.0,3.67
0.0,3.67
0.0,3.67
0.0,1.37
0.0,1.37
0.0,1.37
0.0,1.03
0.0,1.03
0.0,1.03
0.0,3.67
0.0,3.67
0.0,3.67
0.0,3.32
0.0,3.32
0.0,3.32
0.0,1.03
0.0,1.03
0.0,1.03
0.0,3.67
0.0,3.67
0.0,3.67
0.0,4.95
0.0,4.95
0.0,4.95
0.0,4.95
0.0,4.95
0.0,4.95
0.0,4.95
0.0,4.95
0.0,4.95
0.0,4.95
0.0,4.95
0.0,4.95
0.0,4.95
0.0,4.95
0.0,4.95
0.0,4.95
0.0,4.95
0.0,4.95
0.0,4.95
0.0,4.95
0.0,4.95
0.0,4.95
0.0,4.95
0.0,4.95
0.0,4.95
0.0,4.95
0.0,4.95
0.0,2.5
0.0,2.5
0.0,2.5
0.0,2.5
0.0,2.5
0.0,2.5
0.0,2.5
0.0,2.5
0.0,2.5
0.0,2.5
0.0,2.5
0.0,2.5
0.0,2.5
0.0,2.5
0.0,2.5
0.0,2.5
0.0,2.5
0.0,2.5
0.0,2.5
0.0,2.5
0.0,2.5
0.0,2.5
0.0,2.5
0.0,2.5
0.0,2.5
0.0,2.5
0.0,2.5
0.0,2.01
0.0,2.01
0.0,2.01
0.0,1.03
0.0,1.03
0.0,1.03
0.0,3.67
0.0,3.67
0.0,3.67
0.0,1.37
0.0,1.37
0.0,1.37
0.0,1.03
0.0,1.03
0.0,1.03
0.0,3.67
0.0,3.67
0.0,3.67
0.0,3.32
0.0,3.32
0.0,3.32
0.0,1.03
0.0,1.03
0.0,1.03
0.0,3.67
0.0,3.67
0.0,3.67
0.0,4.42
0.0,4.42
0.0,4.42
0.0,4.42
0.0,4.42
0.0,4.42
0.0,4.42
0.0,4.42
0.0,4.42
0.0,4.42
0.0,4.42
0.0,4.42
0.0,4.42
0.0,4.42
0.0,4.42
0.0,4.42
0.0,4.42
0.0,4.42
0.0,4.42
0.0,4.42
0.0,4.42
0.0,4.42
0.0,4.42
0.0,4.42
0.0,4.42
0.0,4.42
0.0,4.42
0.0,2.5
0.0,2.5
0.0,2.5
0.0,2.5
0.0,2.5
0.0,2.5
0.0,2.5
0.0,2.5
0.0,2.5
0.0,2.5
0.0,2.5
0.0,2.5
0.0,2.5
0.0,2.5
0.0,2.5
0.0,2.5
0.0,2.5
0.0,2.5
0.0,2.5
0.0,2.5
0.0,2.5
0.0,2.5
0.0,2.5
0.0,2.5
0.0,2.5
0.0,2.5
0.0,2.5
0.0,2.01
0.0,2.01
0.0,2.01
0.0,2.02
0.0,2.31
0.0,3.13
0.0,3.67
0.0,3.67
0.0,3.67
0.0,2.25
0.0,2.33
0.0,2.97
0.0,2.23
0.0,2.31
0.0,3.13
0.0,3.67
0.0,3.67
0.0,3.67
0.0,3.32
0.0,3.32
0.0,3.32
0.0,2.95
0.0,2.31
0.0,3.13
0.0,3.67
0.0,3.67
0.0,3.67
0.0,2.04
0.0,2.36
0.0,3.92
0.0,2.04
0.0,2.36
0.0,3.92
0.0,2.04
0.0,2.36
0.0,3.92
0.0,2.28
0.0,2.36
0.0,3.92
0.0,2.28
0.0,2.36
0.0,3.92
0.0,2.28
0.0,2.36
0.0,3.92
0.0,3.64
0.0,2.36
0.0,3.92
0.0,3.64
0.0,2.36
0.0,3.92
0.0,3.64
0.0,2.36
0.0,3.92
0.0,2.5
0.0,2.5
0.0,2.5
0.0,2.5
0.0,2.5
0.0,2.5
0.0,2.5
0.0,2.5
0.0,2.5
0.0,2.5
0.0,2.5
0.0,2.5
0.0,2.5
0.0,2.5
0.0,2.5
0.0,2.5
0.0,2.5
0.0,2.5
0.0,2.5
0.0,2.5
0.0,2.5
0.0,2.5
0.0,2.5
0.0,2.5
0.0,2.5
0.0,2.5
0.0,2.5
0.0,2.01
0.0,2.01
0.0,2.01
0.0,4.87
0.0,4.87
0.0,4.87
0.0,3.67
0.0,3.67
0.0,3.67
0.0,4.84
0.0,4.84
0.0,4.84
0.0,4.87
0.0,4.87
0.0,4.87
0.0,3.67
0.0,3.67
0.0,3.67
0.0,3.32
0.0,3.32
0.0,3.32
0.0,4.87
0.0,4.87
0.0,4.87
0.0,3.67
0.0,3.67
0.0,3.67
0.0,4.95
0.0,4.95
0.0,4.95
0.0,4.95
0.0,4.95
0.0,4.95
0.0,4.95
0.0,4.95
0.0,4.95
0.0,4.95
0.0,4.95
0.0,4.95
0.0,4.95
0.0,4.95
0.0,4.95
0.0,4.95
0.0,4.95
0.0,4.95
0.0,4.95
0.0,4.95
0.0,4.95
0.0,4.95
0.0,4.95
0.0,4.95
0.0,4.95
0.0,4.95
0.0,4.95
0.0,2.5
0.0,2.5
0.0,2.5
0.0,2.5
0.0,2.5
0.0,2.5
0.0,2.5
0.0,2.5
0.0,2.5
0.0,2.5
0.0,2.5
0.0,2.5
0.0,2.5
0.0,2.5
0.0,2.5
0.0,2.5
0.0,2.5
0.0,2.5
0.0,2.5
0.0,2.5
0.0,2.5
0.0,2.5
0.0,2.5
0.0,2.5
0.0,2.5
0.0,2.5
0.0,2.5
0.0,2.01
0.0,2.01
0.0,2.01
0.0,3.27
0.0,3.27
0.0,3.27
0.0,3.67
0.0,3.67
0.0,3.67
0.0,3.13
0.0,3.13
0.0,3.13
0.0,3.27
0.0,3.27
0.0,3.27
0.0,3.67
0.0,3.67
0.0,3.67
0.0,3.32
0.0,3.32
0.0,3.32
0.0,3.27
0.0,3.27
0.0,3.27
0.0,3.67
0.0,3.67
0.0,3.67
0.0,4.42
0.0,4.42
0.0,4.42
0.0,4.42
0.0,4.42
0.0,4.42
0.0,4.42
0.0,4.42
0.0,4.42
0.0,4.42
0.0,4.42
0.0,4.42
0.0,4.42
0.0,4.42
0.0,4.42
0.0,4.42
0.0,4.42
0.0,4.42
0.0,4.42
0.0,4.42
0.0,4.42
0.0,4.42
0.0,4.42
0.0,4.42
0.0,4.42
0.0,4.42
0.0,4.42
0.0,2.5
0.0,2.5
0.0,2.5
0.0,2.5
0.0,2.5
0.0,2.5
0.0,2.5
0.0,2.5
0.0,2.5
0.0,2.5
0.0,2.5
0.0,2.5
0.0,2.5
0.0,2.5
0.0,2.5
0.0,2.5
0.0,2.5
0.0,2.5
0.0,2.5
0.0,2.5
0.0,2.5
0.0,2.5
0.0,2.5
0.0,2.5
0.0,2.5
0.0,2.5
0.0,2.5
0.0,2.01
0.0,2.01
0.0,2.01
0.0,1.75
0.0,1.75
0.0,1.75
0.0,3.67
0.0,3.67
0.0,3.67
0.0,1.8
0.0,1.8
0.0,1.8
0.0,1.75
0.0,1.75
0.0,1.75
0.0,3.67
0.0,3.67
0.0,3.67
0.0,3.32
0.0,3.32
0.0,3.32
0.0,1.75
0.0,1.75
0.0,1.75
0.0,3.67
0.0,3.67
0.0,3.67
0.0,2.04
0.0,2.4
0.0,3.92
0.0,2.04
0.0,2.4
0.0,3.92
0.0,2.04
0.0,2.4
0.0,3.92
0.0,2.36
0.0,2.4
0.0,3.92
0.0,2.36
0.0,2.4
0.0,3.92
0.0,2.36
0.0,2.4
0.0,3.92
0.0,3.64
0.0,2.4
0.0,3.92
0.0,3.64
0.0,2.4
0.0,3.92
0.0,3.64
0.0,2.4
0.0,3.92
0.0,2.5
0.0,2.5
0.0,2.5
0.0,2.5
0.0,2.5
0.0,2.5
0.0,2.5
0.0,2.5
0.0,2.5
0.0,2.5
0.0,2.5
0.0,2.5
0.0,2.5
0.0,2.5
0.0,2.5
0.0,2.5
0.0,2.5
0.0,2.5
0.0,2.5
0.0,2.5
0.0,2.5
0.0,2.5
0.0,2.5
0.0,2.5
0.0,2.5
0.0,2.5
0.0,2.5
0.0,2.01
0.0,2.01
0.0,2.01
0.0,1.75
0.0,1.75
0.0,1.75
0.0,3.67
0.0,3.67
0.0,3.67
0.0,1.8
0.0,1.8
0.0,1.8
0.0,1.75
0.0,1.75
0.0,1.75
0.0,3.67
0.0,3.67
0.0,3.67
0.0,3.32
0.0,3.32
0.0,3.32
0.0,1.75
0.0,1.75
0.0,1.75
0.0,3.67
0.0,3.67
0.0,3.67
0.0,4.95
0.0,4.95
0.0,4.95
0.0,4.95
0.0,4.95
0.0,4.95
0.0,4.95
0.0,4.95
0.0,4.95
0.0,4.95
0.0,4.95
0.0,4.95
0.0,4.95
0.0,4.95
0.0,4.95
0.0,4.95
0.0,4.95
0.0,4.95
0.0,4.95
0.0,4.95
0.0,4.95
0.0,4.95
0.0,4.95
0.0,4.95
0.0,4.95
0.0,4.95
0.0,4.95
0.0,2.5
0.0,2.5
0.0,2.5
0.0,2.5
0.0,2.5
0.0,2.5
0.0,2.5
0.0,2.5
0.0,2.5
0.0,2.5
0.0,2.5
0.0,2.5
0.0,2.5
0.0,2.5
0.0,2.5
0.0,2.5
0.0,2.5
0.0,2.5
0.0,2.5
0.0,2.5
0.0,2.5
0.0,2.5
0.0,2.5
0.0,2.5
0.0,2.5
0.0,2.5
0.0,2.5
0.0,2.01
0.0,2.01
0.0,2.01
0.0,1.75
0.0,1.75
0.0,1.75
0.0,3.67
0.0,3.67
0.0,3.67
0.0,1.8
0.0,1.8
0.0,1.8
0.0,1.75
0.0,1.75
0.0,1.75
0.0,3.67
0.0,3.67
0.0,3.67
0.0,3.32
0.0,3.32
0.0,3.32
0.0,1.75
0.0,1.75
0.0,1.75
0.0,3.67
0.0,3.67
0.0,3.67
0.0,4.42
0.0,4.42
0.0,4.42
0.0,4.42
0.0,4.42
0.0,4.42
0.0,4.42
0.0,4.42
0.0,4.42
0.0,4.42
0.0,4.42
0.0,4.42
0.0,4.42
0.0,4.42
0.0,4.42
0.0,4.42
0.0,4.42
0.0,4.42
0.0,4.42
0.0,4.42
0.0,4.42
0.0,4.42
0.0,4.42
0.0,4.42
0.0,4.42
0.0,4.42
0.0,4.42
0.0,2.5
0.0,2.5
0.0,2.5
0.0,2.5
0.0,2.5
0.0,2.5
0.0,2.5
0.0,2.5
0.0,2.5
0.0,2.5
0.0,2.5
0.0,2.5
0.0,2.5
0.0,2.5
0.0,2.5
0.0,2.5
0.0,2.5
0.0,2.5
0.0,2.5
0.0,2.5
0.0,2.5
0.0,2.5
0.0,2.5
0.0,2.5
0.0,2.5
0.0,2.5
0.0,2.5
0.0,2.01
0.0,2.01
0.0,2.01
0.0,1.03
0.0,1.03
0.0,1.03
0.0,7.75
0.0,7.75
0.0,7.75
0.0,1.37
0.0,1.37
0.0,1.37
0.0,1.03
0.0,1.03
0.0,1.03
0.0,7.75
0.0,7.75
0.0,7.75
0.0,7.69
0.0,7.69
0.0,7.69
0.0,1.03
0.0,1.03
0.0,1.03
0.0,7.75
0.0,7.75
0.0,7.75
0.0,2.04
0.0,2.02
0.0,7.72
0.0,2.04
0.0,1.08
0.0,7.72
0.0,2.04
0.0,7.58
0.0,7.72
0.0,1.4
0.0,1.4
0.0,7.72
0.0,1.08
0.0,1.08
0.0,7.72
0.0,7.52
0.0,7.58
0.0,7.72
0.0,7.66
0.0,7.52
0.0,7.72
0.0,7.66
0.0,1.08
0.0,7.72
0.0,7.66
0.0,7.58
0.0,7.72
0.0,2.5
0.0,2.5
0.0,2.5
0.0,2.5
0.0,2.5
0.0,2.5
0.0,2.5
0.0,2.5
0.0,2.5
0.0,2.5
0.0,2.5
0.0,2.5
0.0,2.5
0.0,2.5
0.0,2.5
0.0,2.5
0.0,2.5
0.0,2.5
0.0,2.5
0.0,2.5
0.0,2.5
0.0,2.5
0.0,2.5
0.0,2.5
0.0,2.5
0.0,2.5
0.0,2.5
0.0,2.01
0.0,2.01
0.0,2.01
0.0,1.03
0.0,1.03
0.0,1.03
0.0,7.75
0.0,7.75
0.0,7.75
0.0,1.37
0.0,1.37
0.0,1.37
0.0,1.03
0.0,1.03
0.0,1.03
0.0,7.75
0.0,7.75
0.0,7.75
0.0,7.69
0.0,7.69
0.0,7.69
0.0,1.03
0.0,1.03
0.0,1.03
0.0,7.75
0.0,7.75
0.0,7.75
0.0,4.95
0.0,4.95
0.0,4.95
0.0,4.95
0.0,4.95
0.0,4.95
0.0,4.95
0.0,4.95
0.0,4.95
0.0,4.95
0.0,4.95
0.0,4.95
0.0,4.95
0.0,4.95
0.0,4.95
0.0,4.95
0.0,4.95
0.0,4.95
0.0,4.95
0.0,4.95
0.0,4.95
0.0,4.95
0.0,4.95
0.0,4.95
0.0,4.95
0.0,4.95
0.0,4.95
0.0,2.5
0.0,2.5
0.0,2.5
0.0,2.5
0.0,2.5
0.0,2.5
0.0,2.5
0.0,2.5
0.0,2.5
0.0,2.5
0.0,2.5
0.0,2.5
0.0,2.5
0.0,2.5
0.0,2.5
0.0,2.5
0.0,2.5
0.0,2.5
0.0,2.5
0.0,2.5
0.0,2.5
0.0,2.5
0.0,2.5
0.0,2.5
0.0,2.5
0.0,2.5
0.0,2.5
0.0,2.01
0.0,2.01
0.0,2.01
0.0,1.03
0.0,1.03
0.0,1.03
0.0,7.75
0.0,7.75
0.0,7.75
0.0,1.37
0.0,1.37
0.0,1.37
0.0,1.03
0.0,1.03
0.0,1.03
0.0,7.75
0.0,7.75
0.0,7.75
0.0,7.69
0.0,7.69
0.0,7.69
0.0,1.03
0.0,1.03
0.0,1.03
0.0,7.75
0.0,7.75
0.0,7.75
0.0,7.78
0.0,7.78
0.0,7.78
0.0,7.78
0.0,7.78
0.0,7.78
0.0,7.78
0.0,7.78
0.0,7.78
0.0,7.78
0.0,7.78
0.0,7.78
0.0,7.78
0.0,7.78
0.0,7.78
0.0,7.78
0.0,7.78
0.0,7.78
0.0,7.78
0.0,7.78
0.0,7.78
0.0,7.78
0.0,7.78
0.0,7.78
0.0,7.78
0.0,7.78
0.0,7.78
0.0,2.5
0.0,2.5
0.0,2.5
0.0,2.5
0.0,2.5
0.0,2.5
0.0,2.5
0.0,2.5
0.0,2.5
0.0,2.5
0.0,2.5
0.0,2.5
0.0,2.5
0.0,2.5
0.0,2.5
0.0,2.5
0.0,2.5
0.0,2.5
0.0,2.5
0.0,2.5
0.0,2.5
0.0,2.5
0.0,2.5
0.0,2.5
0.0,2.5
0.0,2.5
0.0,2.5
0.0,2.01
0.0,2.01
0.0,2.01
0.0,2.02
0.0,2.31
0.0,7.58
0.0,7.75
0.0,7.75
0.0,7.75
0.0,2.25
0.0,2.33
0.0,7.52
0.0,2.23
0.0,2.31
0.0,7.58
0.0,7.75
0.0,7.75
0.0,7.75
0.0,7.69
0.0,7.69
0.0,7.69
0.0,7.52
0.0,2.31
0.0,7.58
0.0,7.75
0.0,7.75
0.0,7.75
0.0,2.04
0.0,2.36
0.0,7.72
0.0,2.04
0.0,2.36
0.0,7.72
0.0,2.04
0.0,2.36
0.0,7.72
0.0,2.28
0.0,2.36
0.0,7.72
0.0,2.28
0.0,2.36
0.0,7.72
0.0,2.28
0.0,2.36
0.0,7.72
0.0,7.66
0.0,2.36
0.0,7.72
0.0,7.66
0.0,2.36
0.0,7.72
0.0,7.66
0.0,2.36
0.0,7.72
0.0,2.5
0.0,2.5
0.0,2.5
0.0,2.5
0.0,2.5
0.0,2.5
0.0,2.5
0.0,2.5
0.0,2.5
0.0,2.5
0.0,2.5
0.0,2.5
0.0,2.5
0.0,2.5
0.0,2.5
0.0,2.5
0.0,2.5
0.0,2.5
0.0,2.5
0.0,2.5
0.0,2.5
0.0,2.5
0.0,2.5
0.0,2.5
0.0,2.5
0.0,2.5
0.0,2.5
0.0,2.01
0.0,2.01
0.0,2.01
0.0,4.87
0.0,4.87
0.0,4.87
0.0,7.75
0.0,7.75
0.0,7.75
0.0,4.84
0.0,4.84
0.0,4.84
0.0,4.87
0.0,4.87
0.0,4.87
0.0,7.75
0.0,7.75
0.0,7.75
0.0,7.69
0.0,7.69
0.0,7.69
0.0,4.87
0.0,4.87
0.0,4.87
0.0,7.75
0.0,7.75
0.0,7.75
0.0,4.95
0.0,4.95
0.0,4.95
0.0,4.95
0.0,4.95
0.0,4.95
0.0,4.95
0.0,4.95
0.0,4.95
0.0,4.95
0.0,4.95
0.0,4.95
0.0,4.95
0.0,4.95
0.0,4.95
0.0,4.95
0.0,4.95
0.0,4.95
0.0,4.95
0.0,4.95
0.0,4.95
0.0,4.95
0.0,4.95
0.0,4.95
0.0,4.95
0.0,4.95
0.0,4.95
0.0,2.5
0.0,2.5
0.0,2.5
0.0,2.5
0.0,2.5
0.0,2.5
0.0,2.5
0.0,2.5
0.0,2.5
0.0,2.5
0.0,2.5
0.0,2.5
0.0,2.5
0.0,2.5
0.0,2.5
0.0,2.5
0.0,2.5
0.0,2.5
0.0,2.5
0.0,2.5
0.0,2.5
0.0,2.5
0.0,2.5
0.0,2.5
0.0,2.5
0.0,2.5
0.0,2.5
0.0,2.01
0.0,2.01
0.0,2.01
0.0,7.64
0.0,7.64
0.0,7.64
0.0,7.75
0.0,7.75
0.0,7.75
0.0,7.58
0.0,7.58
0.0,7.58
0.0,7.64
0.0,7.64
0.0,7.64
0.0,7.75
0.0,7.75
0.0,7.75
0.0,7.69
0.0,7.69
0.0,7.69
0.0,7.64
0.0,7.64
0.0,7.64
0.0,7.75
0.0,7.75
0.0,7.75
0.0,7.78
0.0,7.78
0.0,7.78
0.0,7.78
0.0,7.78
0.0,7.78
0.0,7.78
0.0,7.78
0.0,7.78
0.0,7.78
0.0,7.78
0.0,7.78
0.0,7.78
0.0,7.78
0.0,7.78
0.0,7.78
0.0,7.78
0.0,7.78
0.0,7.78
0.0,7.78
0.0,7.78
0.0,7.78
0.0,7.78
0.0,7.78
0.0,7.78
0.0,7.78
0.0,7.78
0.0,2.5
0.0,2.5
0.0,2.5
0.0,2.5
0.0,2.5
0.0,2.5
0.0,2.5
0.0,2.5
0.0,2.5
0.0,2.5
0.0,2.5
0.0,2.5
0.0,2.5
0.0,2.5
0.0,2.5
0.0,2.5
0.0,2.5
0.0,2.5
0.0,2.5
0.0,2.5
0.0,2.5
0.0,2.5
0.0,2.5
0.0,2.5
0.0,2.5
0.0,2.5
0.0,2.5
0.0,2.01
0.0,2.01
0.0,2.01
0.0,1.75
0.0,1.75
0.0,1.75
0.0,7.75
0.0,7.75
0.0,7.75
0.0,1.8
0.0,1.8
0.0,1.8
0.0,1.75
0.0,1.75
0.0,1.75
0.0,7.75
0.0,7.75
0.0,7.75
0.0,7.69
0.0,7.69
0.0,7.69
0.0,1.75
0.0,1.75
0.0,1.75
0.0,7.75
0.0,7.75
0.0,7.75
0.0,2.04
0.0,2.4
0.0,7.72
0.0,2.04
0.0,2.4
0.0,7.72
0.0,2.04
0.0,2.4
0.0,7.72
0.0,2.36
0.0,2.4
0.0,7.72
0.0,2.36
0.0,2.4
0.0,7.72
0.0,2.36
0.0,2.4
0.0,7.72
0.0,7.66
0.0,2.4
0.0,7.72
0.0,7.66
0.0,2.4
0.0,7.72
0.0,7.66
0.0,2.4
0.0,7.72
0.0,2.5
0.0,2.5
0.0,2.5
0.0,2.5
0.0,2.5
0.0,2.5
0.0,2.5
0.0,2.5
0.0,2.5
0.0,2.5
0.0,2.5
0.0,2.5
0.0,2.5
0.0,2.5
0.0,2.5
0.0,2.5
0.0,2.5
0.0,2.5
0.0,2.5
0.0,2.5
0.0,2.5
0.0,2.5
0.0,2.5
0.0,2.5
0.0,2.5
0.0,2.5
0.0,2.5
0.0,2.01
0.0,2.01
0.0,2.01
0.0,1.75
0.0,1.75
0.0,1.75
0.0,7.75
0.0,7.75
0.0,7.75
0.0,1.8
0.0,1.8
0.0,1.8
0.0,1.75
0.0,1.75
0.0,1.75
0.0,7.75
0.0,7.75
0.0,7.75
0.0,7.69
0.0,7.69
0.0,7.69
0.0,1.75
0.0,1.75
0.0,1.75
0.0,7.75
0.0,7.75
0.0,7.75
0.0,4.95
0.0,4.95
0.0,4.95
0.0,4.95
0.0,4.95
0.0,4.95
0.0,4.95
0.0,4.95
0.0,4.95
0.0,4.95
0.0,4.95
0.0,4.95
0.0,4.95
0.0,4.95
0.0,4.95
0.0,4.95
0.0,4.95
0.0,4.95
0.0,4.95
0.0,4.95
0.0,4.95
0.0,4.95
0.0,4.95
0.0,4.95
0.0,4.95
0.0,4.95
0.0,4.95
0.0,2.5
0.0,2.5
0.0,2.5
0.0,2.5
0.0,2.5
0.0,2.5
0.0,2.5
0.0,2.5
0.0,2.5
0.0,2.5
0.0,2.5
0.0,2.5
0.0,2.5
0.0,2.5
0.0,2.5
0.0,2.5
0.0,2.5
0.0,2.5
0.0,2.5
0.0,2.5
0.0,2.5
0.0,2.5
0.0,2.5
0.0,2.5
0.0,2.5
0.0,2.5
0.0,2.5
0.0,2.01
0.0,2.01
0.0,2.01
0.0,1.75
0.0,1.75
0.0,1.75
0.0,7.75
0.0,7.75
0.0,7.75
0.0,1.8
0.0,1.8
0.0,1.8
0.0,1.75
0.0,1.75
0.0,1.75
0.0,7.75
0.0,7.75
0.0,7.75
0.0,7.69
0.0,7.69
0.0,7.69
0.0,1.75
0.0,1.75
0.0,1.75
0.0,7.75
0.0,7.75
0.0,7.75
0.0,7.78
0.0,7.78
0.0,7.78
0.0,7.78
0.0,7.78
0.0,7.78
0.0,7.78
0.0,7.78
0.0,7.78
0.0,7.78
0.0,7.78
0.0,7.78
0.0,7.78
0.0,7.78
0.0,7.78
0.0,7.78
0.0,7.78
0.0,7.78
0.0,7.78
0.0,7.78
0.0,7.78
0.0,7.78
0.0,7.78
0.0,7.78
0.0,7.78
0.0,7.78
0.0,7.78
0.0,2.5
0.0,2.5
0.0,2.5
0.0,2.5
0.0,2.5
0.0,2.5
0.0,2.5
0.0,2.5
0.0,2.5
0.0,2.5
0.0,2.5
0.0,2.5
0.0,2.5
0.0,2.5
0.0,2.5
0.0,2.5
0.0,2.5
0.0,2.5
0.0,2.5
0.0,2.5
0.0,2.5
0.0,2.5
0.0,2.5
0.0,2.5
0.0,2.5
0.0,2.5
0.0,2.5
0.0,2.04
0.0,2.02
0.0,3.3
0.0,2.04
0.0,1.06
0.0,3.3
0.0,2.04
0.0,2.4
0.0,3.3
0.0,1.4
0.0,1.38
0.0,3.3
0.0,1.08
0.0,1.06
0.0,3.3
0.0,2.36
0.0,2.4
0.0,3.3
0.0,3.0
0.0,2.34
0.0,3.3
0.0,3.0
0.0,1.06
0.0,3.3
0.0,3.0
0.0,2.4
0.0,3.3
0.0,2.04
0.0,2.02
0.0,3.3
0.0,2.04
0.0,1.06
0.0,3.3
0.0,2.04
0.0,2.4
0.0,3.3
0.0,1.4
0.0,1.38
0.0,3.3
0.0,1.08
0.0,1.06
0.0,3.3
0.0,2.36
0.0,2.4
0.0,3.3
0.0,3.0
0.0,2.34
0.0,3.3
0.0,3.0
0.0,1.06
0.0,3.3
0.0,3.0
0.0,2.4
0.0,3.3
0.0,2.04
0.0,2.02
0.0,3.3
0.0,2.04
0.0,1.06
0.0,3.3
0.0,2.04
0.0,2.4
0.0,3.3
0.0,1.4
0.0,1.38
0.0,3.3
0.0,1.08
0.0,1.06
0.0,3.3
0.0,2.36
0.0,2.4
0.0,3.3
0.0,3.0
0.0,2.34
0.0,3.3
0.0,3.0
0.0,1.06
0.0,3.3
0.0,3.0
0.0,2.4
0.0,3.3
0.0,2.04
0.0,2.02
0.0,3.3
0.0,2.04
0.0,1.06
0.0,3.3
0.0,2.04
0.0,2.4
0.0,3.3
0.0,1.4
0.0,1.38
0.0,3.3
0.0,1.08
0.0,1.06
0.0,3.3
0.0,2.36
0.0,2.4
0.0,3.3
0.0,3.0
0.0,2.34
0.0,3.3
0.0,3.0
0.0,1.06
0.0,3.3
0.0,3.0
0.0,2.4
0.0,3.3
0.0,2.04
0.0,2.02
0.0,3.3
0.0,2.04
0.0,1.06
0.0,3.3
0.0,2.04
0.0,2.4
0.0,3.3
0.0,1.4
0.0,1.38
0.0,3.3
0.0,1.08
0.0,1.06
0.0,3.3
0.0,2.36
0.0,2.4
0.0,3.3
0.0,3.0
0.0,2.34
0.0,3.3
0.0,3.0
0.0,1.06
0.0,3.3
0.0,3.0
0.0,2.4
0.0,3.3
0.0,2.04
0.0,2.02
0.0,3.3
0.0,2.04
0.0,1.06
0.0,3.3
0.0,2.04
0.0,2.4
0.0,3.3
0.0,1.4
0.0,1.38
0.0,3.3
0.0,1.08
0.0,1.06
0.0,3.3
0.0,2.36
0.0,2.4
0.0,3.3
0.0,3.0
0.0,2.34
0.0,3.3
0.0,3.0
0.0,1.06
0.0,3.3
0.0,3.0
0.0,2.4
0.0,3.3
0.0,2.04
0.0,2.02
0.0,3.3
0.0,2.04
0.0,1.06
0.0,3.3
0.0,2.04
0.0,2.4
0.0,3.3
0.0,1.4
0.0,1.38
0.0,3.3
0.0,1.08
0.0,1.06
0.0,3.3
0.0,2.36
0.0,2.4
0.0,3.3
0.0,3.0
0.0,2.34
0.0,3.3
0.0,3.0
0.0,1.06
0.0,3.3
0.0,3.0
0.0,2.4
0.0,3.3
0.0,2.04
0.0,2.02
0.0,3.3
0.0,2.04
0.0,1.06
0.0,3.3
0.0,2.04
0.0,2.4
0.0,3.3
0.0,1.4
0.0,1.38
0.0,3.3
0.0,1.08
0.0,1.06
0.0,3.3
0.0,2.36
0.0,2.4
0.0,3.3
0.0,3.0
0.0,2.34
0.0,3.3
0.0,3.0
0.0,1.06
0.0,3.3
0.0,3.0
0.0,2.4
0.0,3.3
0.0,2.04
0.0,2.02
0.0,3.3
0.0,2.04
0.0,1.06
0.0,3.3
0.0,2.04
0.0,2.4
0.0,3.3
0.0,1.4
0.0,1.38
0.0,3.3
0.0,1.08
0.0,1.06
0.0,3.3
0.0,2.36
0.0,2.4
0.0,3.3
0.0,3.0
0.0,2.34
0.0,3.3
0.0,3.0
0.0,1.06
0.0,3.3
0.0,3.0
0.0,2.4
0.0,3.3
0.0,2.04
0.0,2.34
0.0,3.3
0.0,2.04
0.0,2.34
0.0,3.3
0.0,2.04
0.0,2.34
0.0,3.3
0.0,2.28
0.0,2.34
0.0,3.3
0.0,2.28
0.0,2.34
0.0,3.3
0.0,2.28
0.0,2.34
0.0,3.3
0.0,3.0
0.0,2.34
0.0,3.3
0.0,3.0
0.0,2.34
0.0,3.3
0.0,3.0
0.0,2.34
0.0,3.3
0.0,2.04
0.0,2.34
0.0,3.3
0.0,2.04
0.0,2.34
0.0,3.3
0.0,2.04
0.0,2.34
0.0,3.3
0.0,2.28
0.0,2.34
0.0,3.3
0.0,2.28
0.0,2.34
0.0,3.3
0.0,2.28
0.0,2.34
0.0,3.3
0.0,3.0
0.0,2.34
0.0,3.3
0.0,3.0
0.0,2.34
0.0,3.3
0.0,3.0
0.0,2.34
0.0,3.3
0.0,2.04
0.0,2.34
0.0,3.3
0.0,2.04
0.0,2.34
0.0,3.3
0.0,2.04
0.0,2.34
0.0,3.3
0.0,2.28
0.0,2.34
0.0,3.3
0.0,2.28
0.0,2.34
0.0,3.3
0.0,2.28
0.0,2.34
0.0,3.3
0.0,3.0
0.0,2.34
0.0,3.3
0.0,3.0
0.0,2.34
0.0,3.3
0.0,3.0
0.0,2.34
0.0,3.3
0.0,2.04
0.0,4.9
0.0,3.3
0.0,2.04
0.0,4.9
0.0,3.3
0.0,2.04
0.0,4.9
0.0,3.3
0.0,4.87
0.0,4.9
0.0,3.3
0.0,4.87
0.0,4.9
0.0,3.3
0.0,4.87
0.0,4.9
0.0,3.3
0.0,3.0
0.0,4.9
0.0,3.3
0.0,3.0
0.0,4.9
0.0,3.3
0.0,3.0
0.0,4.9
0.0,3.3
0.0,2.04
0.0,4.9
0.0,3.3
0.0,2.04
0.0,4.9
0.0,3.3
0.0,2.04
0.0,4.9
0.0,3.3
0.0,4.87
0.0,4.9
0.0,3.3
0.0,4.87
0.0,4.9
0.0,3.3
0.0,4.87
0.0,4.9
0.0,3.3
0.0,3.0
0.0,4.9
0.0,3.3
0.0,3.0
0.0,4.9
0.0,3.3
0.0,3.0
0.0,4.9
0.0,3.3
0.0,2.04
0.0,4.9
0.0,3.3
0.0,2.04
0.0,4.9
0.0,3.3
0.0,2.04
0.0,4.9
0.0,3.3
0.0,4.87
0.0,4.9
0.0,3.3
0.0,4.87
0.0,4.9
0.0,3.3
0.0,4.87
0.0,4.9
0.0,3.3
0.0,3.0
0.0,4.9
0.0,3.3
0.0,3.0
0.0,4.9
0.0,3.3
0.0,3.0
0.0,4.9
0.0,3.3
0.0,2.04
0.0,3.0
0.0,3.3
0.0,2.04
0.0,3.0
0.0,3.3
0.0,2.04
0.0,3.0
0.0,3.3
0.0,2.84
0.0,3.0
0.0,3.3
0.0,2.84
0.0,3.0
0.0,3.3
0.0,2.84
0.0,3.0
0.0,3.3
0.0,3.0
0.0,3.0
0.0,3.3
0.0,3.0
0.0,3.0
0.0,3.3
0.0,3.0
0.0,3.0
0.0,3.3
0.0,2.04
0.0,3.0
0.0,3.3
0.0,2.04
0.0,3.0
0.0,3.3
0.0,2.04
0.0,3.0
0.0,3.3
0.0,2.84
0.0,3.0
0.0,3.3
0.0,2.84
0.0,3.0
0.0,3.3
0.0,2.84
0.0,3.0
0.0,3.3
0.0,3.0
0.0,3.0
0.0,3.3
0.0,3.0
0.0,3.0
0.0,3.3
0.0,3.0
0.0,3.0
0.0,3.3
0.0,2.04
0.0,3.0
0.0,3.3
0.0,2.04
0.0,3.0
0.0,3.3
0.0,2.04
0.0,3.0
0.0,3.3
0.0,2.84
0.0,3.0
0.0,3.3
0.0,2.84
0.0,3.0
0.0,3.3
0.0,2.84
0.0,3.0
0.0,3.3
0.0,3.0
0.0,3.0
0.0,3.3
0.0,3.0
0.0,3.0
0.0,3.3
0.0,3.0
0.0,3.0
0.0,3.3
0.0,2.04
0.0,2.5
0.0,3.3
0.0,2.04
0.0,2.5
0.0,3.3
0.0,2.04
0.0,2.5
0.0,3.3
0.0,2.4
0.0,2.5
0.0,3.3
0.0,2.4
0.0,2.5
0.0,3.3
0.0,2.4
0.0,2.5
0.0,3.3
0.0,3.0
0.0,2.5
0.0,3.3
0.0,3.0
0.0,2.5
0.0,3.3
0.0,3.0
0.0,2.5
0.0,3.3
0.0,2.04
0.0,2.5
0.0,3.3
0.0,2.04
0.0,2.5
0.0,3.3
0.0,2.04
0.0,2.5
0.0,3.3
0.0,2.4
0.0,2.5
0.0,3.3
0.0,2.4
0.0,2.5
0.0,3.3
0.0,2.4
0.0,2.5
0.0,3.3
0.0,3.0
0.0,2.5
0.0,3.3
0.0,3.0
0.0,2.5
0.0,3.3
0.0,3.0
0.0,2.5
0.0,3.3
0.0,2.04
0.0,2.5
0.0,3.3
0.0,2.04
0.0,2.5
0.0,3.3
0.0,2.04
0.0,2.5
0.0,3.3
0.0,2.4
0.0,2.5
0.0,3.3
0.0,2.4
0.0,2.5
0.0,3.3
0.0,2.4
0.0,2.5
0.0,3.3
0.0,3.0
0.0,2.5
0.0,3.3
0.0,3.0
0.0,2.5
0.0,3.3
0.0,3.0
0.0,2.5
0.0,3.3
0.0,2.04
0.0,2.5
0.0,3.3
0.0,2.04
0.0,2.5
0.0,3.3
0.0,2.04
0.0,2.5
0.0,3.3
0.0,2.4
0.0,2.5
0.0,3.3
0.0,2.4
0.0,2.5
0.0,3.3
0.0,2.4
0.0,2.5
0.0,3.3
0.0,3.0
0.0,2.5
0.0,3.3
0.0,3.0
0.0,2.5
0.0,3.3
0.0,3.0
0.0,2.5
0.0,3.3
0.0,2.04
0.0,2.5
0.0,3.3
0.0,2.04
0.0,2.5
0.0,3.3
0.0,2.04
0.0,2.5
0.0,3.3
0.0,2.4
0.0,2.5
0.0,3.3
0.0,2.4
0.0,2.5
0.0,3.3
0.0,2.4
0.0,2.5
0.0,3.3
0.0,3.0
0.0,2.5
0.0,3.3
0.0,3.0
0.0,2.5
0.0,3.3
0.0,3.0
0.0,2.5
0.0,3.3
0.0,2.04
0.0,2.5
0.0,3.3
0.0,2.04
0.0,2.5
0.0,3.3
0.0,2.04
0.0,2.5
0.0,3.3
0.0,2.4
0.0,2.5
0.0,3.3
0.0,2.4
0.0,2.5
0.0,3.3
0.0,2.4
0.0,2.5
0.0,3.3
0.0,3.0
0.0,2.5
0.0,3.3
0.0,3.0
0.0,2.5
0.0,3.3
0.0,3.0
0.0,2.5
0.0,3.3
0.0,2.04
0.0,2.5
0.0,3.3
0.0,2.04
0.0,2.5
0.0,3.3
0.0,2.04
0.0,2.5
0.0,3.3
0.0,2.4
0.0,2.5
0.0,3.3
0.0,2.4
0.0,2.5
0.0,3.3
0.0,2.4
0.0,2.5
0.0,3.3
0.0,3.0
0.0,2.5
0.0,3.3
0.0,3.0
0.0,2.5
0.0,3.3
0.0,3.0
0.0,2.5
0.0,3.3
0.0,2.04
0.0,2.5
0.0,3.3
0.0,2.04
0.0,2.5
0.0,3.3
0.0,2.04
0.0,2.5
0.0,3.3
0.0,2.4
0.0,2.5
0.0,3.3
0.0,2.4
0.0,2.5
0.0,3.3
0.0,2.4
0.0,2.5
0.0,3.3
0.0,3.0
0.0,2.5
0.0,3.3
0.0,3.0
0.0,2.5
0.0,3.3
0.0,3.0
0.0,2.5
0.0,3.3
0.0,2.04
0.0,2.5
0.0,3.3
0.0,2.04
0.0,2.5
0.0,3.3
0.0,2.04
0.0,2.5
0.0,3.3
0.0,2.4
0.0,2.5
0.0,3.3
0.0,2.4
0.0,2.5
0.0,3.3
0.0,2.4
0.0,2.5
0.0,3.3
0.0,3.0
0.0,2.5
0.0,3.3
0.0,3.0
0.0,2.5
0.0,3.3
0.0,3.0
0.0,2.5
0.0,3.3
0.0,2.07
0.0,2.07
0.0,2.07
0.0,1.11
0.0,1.11
0.0,1.11
0.0,3.75
0.0,3.75
0.0,3.75
0.0,1.43
0.0,1.43
0.0,1.43
0.0,1.11
0.0,1.11
0.0,1.11
0.0,3.75
0.0,3.75
0.0,3.75
0.0,3.4
0.0,3.4
0.0,3.4
0.0,1.11
0.0,1.11
0.0,1.11
0.0,3.75
0.0,3.75
0.0,3.75
0.0,2.1
0.0,2.08
0.0,4.0
0.0,2.1
0.0,1.14
0.0,4.0
0.0,2.1
0.0,3.16
0.0,4.0
0.0,1.46
0.0,1.46
0.0,4.0
0.0,1.16
0.0,1.14
0.0,4.0
0.0,3.06
0.0,3.16
0.0,4.0
0.0,3.7
0.0,3.06
0.0,4.0
0.0,3.7
0.0,1.14
0.0,4.0
0.0,3.7
0.0,3.16
0.0,4.0
0.0,4.29
0.0,4.29
0.0,4.29
0.0,4.29
0.0,4.29
0.0,4.29
0.0,4.29
0.0,4.29
0.0,4.29
0.0,4.29
0.0,4.29
0.0,4.29
0.0,4.29
0.0,4.29
0.0,4.29
0.0,4.29
0.0,4.29
0.0,4.29
0.0,4.29
0.0,4.29
0.0,4.29
0.0,4.29
0.0,4.29
0.0,4.29
0.0,4.29
0.0,4.29
0.0,4.29
0.0,2.07
0.0,2.07
0.0,2.07
0.0,1.11
0.0,1.11
0.0,1.11
0.0,3.75
0.0,3.75
0.0,3.75
0.0,1.43
0.0,1.43
0.0,1.43
0.0,1.11
0.0,1.11
0.0,1.11
0.0,3.75
0.0,3.75
0.0,3.75
0.0,3.4
0.0,3.4
0.0,3.4
0.0,1.11
0.0,1.11
0.0,1.11
0.0,3.75
0.0,3.75
0.0,3.75
0.0,4.98
0.0,4.98
0.0,4.98
0.0,4.98
0.0,4.98
0.0,4.98
0.0,4.98
0.0,4.98
0.0,4.98
0.0,4.98
0.0,4.98
0.0,4.98
0.0,4.98
0.0,4.98
0.0,4.98
0.0,4.98
0.0,4.98
0.0,4.98
0.0,4.98
0.0,4.98
0.0,4.98
0.0,4.98
0.0,4.98
0.0,4.98
0.0,4.98
0.0,4.98
0.0,4.98
0.0,4.29
0.0,4.29
0.0,4.29
0.0,4.29
0.0,4.29
0.0,4.29
0.0,4.29
0.0,4.29
0.0,4.29
0.0,4.29
0.0,4.29
0.0,4.29
0.0,4.29
0.0,4.29
0.0,4.29
0.0,4.29
0.0,4.29
0.0,4.29
0.0,4.29
0.0,4.29
0.0,4.29
0.0,4.29
0.0,4.29
0.0,4.29
0.0,4.29
0.0,4.29
0.0,4.29
0.0,2.07
0.0,2.07
0.0,2.07
0.0,1.11
0.0,1.11
0.0,1.11
0.0,3.75
0.0,3.75
0.0,3.75
0.0,1.43
0.0,1.43
0.0,1.43
0.0,1.11
0.0,1.11
0.0,1.11
0.0,3.75
0.0,3.75
0.0,3.75
0.0,3.4
0.0,3.4
0.0,3.4
0.0,1.11
0.0,1.11
0.0,1.11
0.0,3.75
0.0,3.75
0.0,3.75
0.0,4.5
0.0,4.5
0.0,4.5
0.0,4.5
0.0,4.5
0.0,4.5
0.0,4.5
0.0,4.5
0.0,4.5
0.0,4.5
0.0,4.5
0.0,4.5
0.0,4.5
0.0,4.5
0.0,4.5
0.0,4.5
0.0,4.5
0.0,4.5
0.0,4.5
0.0,4.5
0.0,4.5
0.0,4.5
0.0,4.5
0.0,4.5
0.0,4.5
0.0,4.5
0.0,4.5
0.0,4.29
0.0,4.29
0.0,4.29
0.0,4.29
0.0,4.29
0.0,4.29
0.0,4.29
0.0,4.29
0.0,4.29
0.0,4.29
0.0,4.29
0.0,4.29
0.0,4.29
0.0,4.29
0.0,4.29
0.0,4.29
0.0,4.29
0.0,4.29
0.0,4.29
0.0,4.29
0.0,4.29
0.0,4.29
0.0,4.29
0.0,4.29
0.0,4.29
0.0,4.29
0.0,4.29
0.0,2.07
0.0,2.07
0.0,2.07
0.0,2.08
0.0,2.39
0.0,3.16
0.0,3.75
0.0,3.75
0.0,3.75
0.0,2.31
0.0,2.39
0.0,3.03
0.0,2.31
0.0,2.39
0.0,3.16
0.0,3.75
0.0,3.75
0.0,3.75
0.0,3.4
0.0,3.4
0.0,3.4
0.0,3.03
0.0,2.39
0.0,3.16
0.0,3.75
0.0,3.75
0.0,3.75
0.0,2.1
0.0,2.42
0.0,4.0
0.0,2.1
0.0,2.42
0.0,4.0
0.0,2.1
0.0,2.42
0.0,4.0
0.0,2.34
0.0,2.42
0.0,4.0
0.0,2.34
0.0,2.42
0.0,4.0
0.0,2.34
0.0,2.42
0.0,4.0
0.0,3.7
0.0,2.42
0.0,4.0
0.0,3.7
0.0,2.42
0.0,4.0
0.0,3.7
0.0,2.42
0.0,4.0
0.0,4.29
0.0,4.29
0.0,4.29
0.0,4.29
0.0,4.29
0.0,4.29
0.0,4.29
0.0,4.29
0.0,4.29
0.0,4.29
0.0,4.29
0.0,4.29
0.0,4.29
0.0,4.29
0.0,4.29
0.0,4.29
0.0,4.29
0.0,4.29
0.0,4.29
0.0,4.29
0.0,4.29
0.0,4.29
0.0,4.29
0.0,4.29
0.0,4.29
0.0,4.29
0.0,4.29
0.0,2.07
0.0,2.07
0.0,2.07
0.0,4.9
0.0,4.9
0.0,4.9
0.0,3.75
0.0,3.75
0.0,3.75
0.0,4.87
0.0,4.87
0.0,4.87
0.0,4.9
0.0,4.9
0.0,4.9
0.0,3.75
0.0,3.75
0.0,3.75
0.0,3.4
0.0,3.4
0.0,3.4
0.0,4.9
0.0,4.9
0.0,4.9
0.0,3.75
0.0,3.75
0.0,3.75
0.0,4.98
0.0,4.98
0.0,4.98
0.0,4.98
0.0,4.98
0.0,4.98
0.0,4.98
0.0,4.98
0.0,4.98
0.0,4.98
0.0,4.98
0.0,4.98
0.0,4.98
0.0,4.98
0.0,4.98
0.0,4.98
0.0,4.98
0.0,4.98
0.0,4.98
0.0,4.98
0.0,4.98
0.0,4.98
0.0,4.98
0.0,4.98
0.0,4.98
0.0,4.98
0.0,4.98
0.0,4.29
0.0,4.29
0.0,4.29
0.0,4.29
0.0,4.29
0.0,4.29
0.0,4.29
0.0,4.29
0.0,4.29
0.0,4.29
0.0,4.29
0.0,4.29
0.0,4.29
0.0,4.29
0.0,4.29
0.0,4.29
0.0,4.29
0.0,4.29
0.0,4.29
0.0,4.29
0.0,4.29
0.0,4.29
0.0,4.29
0.0,4.29
0.0,4.29
0.0,4.29
0.0,4.29
0.0,2.07
0.0,2.07
0.0,2.07
0.0,3.35
0.0,3.35
0.0,3.35
0.0,3.75
0.0,3.75
0.0,3.75
0.0,3.16
0.0,3.16
0.0,3.16
0.0,3.35
0.0,3.35
0.0,3.35
0.0,3.75
0.0,3.75
0.0,3.75
0.0,3.4
0.0,3.4
0.0,3.4
0.0,3.35
0.0,3.35
0.0,3.35
0.0,3.75
0.0,3.75
0.0,3.75
0.0,4.5
0.0,4.5
0.0,4.5
0.0,4.5
0.0,4.5
0.0,4.5
0.0,4.5
0.0,4.5
0.0,4.5
0.0,4.5
0.0,4.5
0.0,4.5
0.0,4.5
0.0,4.5
0.0,4.5
0.0,4.5
0.0,4.5
0.0,4.5
0.0,4.5
0.0,4.5
0.0,4.5
0.0,4.5
0.0,4.5
0.0,4.5
0.0,4.5
0.0,4.5
0.0,4.5
0.0,4.29
0.0,4.29
0.0,4.29
0.0,4.29
0.0,4.29
0.0,4.29
0.0,4.29
0.0,4.29
0.0,4.29
0.0,4.29
0.0,4.29
0.0,4.29
0.0,4.29
0.0,4.29
0.0,4.29
0.0,4.29
0.0,4.29
0.0,4.29
0.0,4.29
0.0,4.29
0.0,4.29
0.0,4.29
0.0,4.29
0.0,4.29
0.0,4.29
0.0,4.29
0.0,4.29
0.0,2.07
0.0,2.07
0.0,2.07
0.0,3.0
0.0,3.0
0.0,3.0
0.0,3.75
0.0,3.75
0.0,3.75
0.0,2.87
0.0,2.87
0.0,2.87
0.0,3.0
0.0,3.0
0.0,3.0
0.0,3.75
0.0,3.75
0.0,3.75
0.0,3.4
0.0,3.4
0.0,3.4
0.0,3.0
0.0,3.0
0.0,3.0
0.0,3.75
0.0,3.75
0.0,3.75
0.0,2.1
0.0,3.38
0.0,4.0
0.0,2.1
0.0,3.38
0.0,4.0
0.0,2.1
0.0,3.38
0.0,4.0
0.0,3.16
0.0,3.38
0.0,4.0
0.0,3.16
0.0,3.38
0.0,4.0
0.0,3.16
0.0,3.38
0.0,4.0
0.0,3.7
0.0,3.38
0.0,4.0
0.0,3.7
0.0,3.38
0.0,4.0
0.0,3.7
0.0,3.38
0.0,4.0
0.0,4.29
0.0,4.29
0.0,4.29
0.0,4.29
0.0,4.29
0.0,4.29
0.0,4.29
0.0,4.29
0.0,4.29
0.0,4.29
0.0,4.29
0.0,4.29
0.0,4.29
0.0,4.29
0.0,4.29
0.0,4.29
0.0,4.29
0.0,4.29
0.0,4.29
0.0,4.29
0.0,4.29
0.0,4.29
0.0,4.29
0.0,4.29
0.0,4.29
0.0,4.29
0.0,4.29
0.0,2.07
0.0,2.07
0.0,2.07
0.0,3.0
0.0,3.0
0.0,3.0
0.0,3.75
0.0,3.75
0.0,3.75
0.0,2.87
0.0,2.87
0.0,2.87
0.0,3.0
0.0,3.0
0.0,3.0
0.0,3.75
0.0,3.75
0.0,3.75
0.0,3.4
0.0,3.4
0.0,3.4
0.0,3.0
0.0,3.0
0.0,3.0
0.0,3.75
0.0,3.75
0.0,3.75
0.0,4.98
0.0,4.98
0.0,4.98
0.0,4.98
0.0,4.98
0.0,4.98
0.0,4.98
0.0,4.98
0.0,4.98
0.0,4.98
0.0,4.98
0.0,4.98
0.0,4.98
0.0,4.98
0.0,4.98
0.0,4.98
0.0,4.98
0.0,4.98
0.0,4.98
0.0,4.98
0.0,4.98
0.0,4.98
0.0,4.98
0.0,4.98
0.0,4.98
0.0,4.98
0.0,4.98
0.0,4.29
0.0,4.29
0.0,4.29
0.0,4.29
0.0,4.29
0.0,4.29
0.0,4.29
0.0,4.29
0.0,4.29
0.0,4.29
0.0,4.29
0.0,4.29
0.0,4.29
0.0,4.29
0.0,4.29
0.0,4.29
0.0,4.29
0.0,4.29
0.0,4.29
0.0,4.29
0.0,4.29
0.0,4.29
0.0,4.29
0.0,4.29
0.0,4.29
0.0,4.29
0.0,4.29
0.0,2.07
0.0,2.07
0.0,2.07
0.0,3.0
0.0,3.0
0.0,3.0
0.0,3.75
0.0,3.75
0.0,3.75
0.0,2.87
0.0,2.87
0.0,2.87
0.0,3.0
0.0,3.0
0.0,3.0
0.0,3.75
0.0,3.75
0.0,3.75
0.0,3.4
0.0,3.4
0.0,3.4
0.0,3.0
0.0,3.0
0.0,3.0
0.0,3.75
0.0,3.75
0.0,3.75
0.0,4.5
0.0,4.5
0.0,4.5
0.0,4.5
0.0,4.5
0.0,4.5
0.0,4.5
0.0,4.5
0.0,4.5
0.0,4.5
0.0,4.5
0.0,4.5
0.0,4.5
0.0,4.5
0.0,4.5
0.0,4.5
0.0,4.5
0.0,4.5
0.0,4.5
0.0,4.5
0.0,4.5
0.0,4.5
0.0,4.5
0.0,4.5
0.0,4.5
0.0,4.5
0.0,4.5
0.0,4.29
0.0,4.29
0.0,4.29
0.0,4.29
0.0,4.29
0.0,4.29
0.0,4.29
0.0,4.29
0.0,4.29
0.0,4.29
0.0,4.29
0.0,4.29
0.0,4.29
0.0,4.29
0.0,4.29
0.0,4.29
0.0,4.29
0.0,4.29
0.0,4.29
0.0,4.29
0.0,4.29
0.0,4.29
0.0,4.29
0.0,4.29
0.0,4.29
0.0,4.29
0.0,4.29
0.0,7.92
0.0,7.92
0.0,7.92
0.0,7.92
0.0,7.92
0.0,7.92
0.0,7.92
0.0,7.92
0.0,7.92
0.0,7.92
0.0,7.92
0.0,7.92
0.0,7.92
0.0,7.92
0.0,7.92
0.0,7.92
0.0,7.92
0.0,7.92
0.0,7.92
0.0,7.92
0.0,7.92
0.0,7.92
0.0,7.92
0.0,7.92
0.0,7.92
0.0,7.92
0.0,7.92
0.0,7.92
0.0,7.92
0.0,7.92
0.0,7.92
0.0,7.92
0.0,7.92
0.0,7.92
0.0,7.92
0.0,7.92
0.0,7.92
0.0,7.92
0.0,7.92
0.0,7.92
0.0,7.92
0.0,7.92
0.0,7.92
0.0,7.92
0.0,7.92
0.0,7.92
0.0,7.92
0.0,7.92
0.0,7.92
0.0,7.92
0.0,7.92
0.0,7.92
0.0,7.92
0.0,7.92
0.0,7.92
0.0,7.92
0.0,7.92
0.0,7.92
0.0,7.92
0.0,7.92
0.0,7.92
0.0,7.92
0.0,7.92
0.0,7.92
0.0,7.92
0.0,7.92
0.0,7.92
0.0,7.92
0.0,7.92
0.0,7.92
0.0,7.92
0.0,7.92
0.0,7.92
0.0,7.92
0.0,7.92
0.0,7.92
0.0,7.92
0.0,7.92
0.0,7.92
0.0,7.92
0.0,7.92
0.0,7.92
0.0,7.92
0.0,7.92
0.0,7.92
0.0,7.92
0.0,7.92
0.0,7.92
0.0,7.92
0.0,7.92
0.0,7.92
0.0,7.92
0.0,7.92
0.0,7.92
0.0,7.92
0.0,7.92
0.0,7.92
0.0,7.92
0.0,7.92
0.0,7.92
0.0,7.92
0.0,7.92
0.0,7.92
0.0,7.92
0.0,7.92
0.0,7.92
0.0,7.92
0.0,7.92
0.0,7.92
0.0,7.92
0.0,7.92
0.0,7.92
0.0,7.92
0.0,7.92
0.0,7.92
0.0,7.92
0.0,7.92
0.0,7.92
0.0,7.92
0.0,7.92
0.0,7.92
0.0,7.92
0.0,7.92
0.0,7.92
0.0,7.92
0.0,7.92
0.0,7.92
0.0,7.92
0.0,7.92
0.0,7.92
0.0,7.92
0.0,7.92
0.0,7.92
0.0,7.92
0.0,7.92
0.0,7.92
0.0,7.92
0.0,7.92
0.0,7.92
0.0,7.92
0.0,7.92
0.0,7.92
0.0,7.92
0.0,7.92
0.0,7.92
0.0,7.92
0.0,7.92
0.0,7.92
0.0,7.92
0.0,7.92
0.0,7.92
0.0,7.92
0.0,7.92
0.0,7.92
0.0,7.92
0.0,7.92
0.0,7.92
0.0,7.92
0.0,7.92
0.0,7.92
0.0,7.92
0.0,7.92
0.0,7.92
0.0,7.92
0.0,7.92
0.0,7.92
0.0,7.92
0.0,7.92
0.0,7.92
0.0,7.92
0.0,7.92
0.0,7.92
0.0,7.92
0.0,7.92
0.0,7.92
0.0,7.92
0.0,7.92
0.0,7.92
0.0,7.92
0.0,7.92
0.0,7.92
0.0,7.92
0.0,7.92
0.0,7.92
0.0,7.92
0.0,7.92
0.0,7.92
0.0,7.92
0.0,7.92
0.0,7.92
0.0,7.92
0.0,7.92
0.0,7.92
0.0,7.92
0.0,7.92
0.0,7.92
0.0,7.92
0.0,7.92
0.0,7.92
0.0,7.92
0.0,7.92
0.0,7.92
0.0,7.92
0.0,7.92
0.0,7.92
0.0,7.92
0.0,7.92
0.0,7.92
0.0,7.92
0.0,7.92
0.0,7.92
0.0,7.92
0.0,7.92
0.0,7.92
0.0,7.92
0.0,7.92
0.0,7.92
0.0,7.92
0.0,7.92
0.0,7.92
0.0,7.92
0.0,7.92
0.0,7.92
0.0,7.92
0.0,7.92
0.0,7.92
0.0,7.92
0.0,7.92
0.0,7.92
0.0,7.92
0.0,7.92
0.0,7.92
0.0,7.92
0.0,7.92
0.0,7.92
0.0,7.92
0.0,7.92
0.0,7.92
0.0,7.92
0.0,7.92
0.0,7.92
0.0,7.92
0.0,7.92
0.0,7.92
0.0,7.92
0.0,7.92
0.0,7.92
0.0,7.92
0.0,7.92
0.0,7.92
0.0,7.92
0.0,7.92
0.0,7.92
0.0,7.92
0.0,7.92
0.0,7.92
0.0,7.92
0.0,7.92
0.0,7.92
0.0,7.92
0.0,7.92
0.0,7.92
0.0,7.92
0.0,7.92
0.0,7.92
0.0,7.92
0.0,7.92
0.0,7.92
0.0,7.92
0.0,7.92
0.0,7.92
0.0,7.92
0.0,7.92
0.0,7.92
0.0,7.92
0.0,7.92
0.0,7.92
0.0,7.92
0.0,7.92
0.0,7.92
0.0,7.92
0.0,7.92
0.0,7.92
0.0,7.92
0.0,7.92
0.0,7.92
0.0,7.92
0.0,7.92
0.0,7.92
0.0,7.92
0.0,7.92
0.0,7.92
0.0,7.92
0.0,7.92
0.0,7.92
0.0,7.92
0.0,7.92
0.0,7.92
0.0,7.92
0.0,7.92
0.0,7.92
0.0,7.92
0.0,7.92
0.0,7.92
0.0,7.92
0.0,7.92
0.0,7.92
0.0,7.92
0.0,7.92
0.0,7.92
0.0,7.92
0.0,7.92
0.0,7.92
0.0,7.92
0.0,7.92
0.0,7.92
0.0,7.92
0.0,7.92
0.0,7.92
0.0,7.92
0.0,7.92
0.0,7.92
0.0,7.92
0.0,7.92
0.0,7.92
0.0,7.92
0.0,7.92
0.0,7.92
0.0,7.92
0.0,7.92
0.0,7.92
0.0,7.92
0.0,7.92
0.0,7.92
0.0,7.92
0.0,7.92
0.0,7.92
0.0,7.92
0.0,7.92
0.0,7.92
0.0,7.92
0.0,7.92
0.0,7.92
0.0,7.92
0.0,7.92
0.0,7.92
0.0,7.92
0.0,7.92
0.0,7.92
0.0,7.92
0.0,7.92
0.0,7.92
0.0,7.92
0.0,7.92
0.0,7.92
0.0,7.92
0.0,7.92
0.0,7.92
0.0,7.92
0.0,7.92
0.0,7.92
0.0,7.92
0.0,7.92
0.0,7.92
0.0,7.92
0.0,7.92
0.0,7.92
0.0,7.92
0.0,7.92
0.0,7.92
0.0,7.92
0.0,7.92
0.0,7.92
0.0,7.92
0.0,7.92
0.0,7.92
0.0,7.92
0.0,7.92
0.0,7.92
0.0,7.92
0.0,7.92
0.0,7.92
0.0,7.92
0.0,7.92
0.0,7.92
0.0,7.92
0.0,7.92
0.0,7.92
0.0,7.92
0.0,7.92
0.0,7.92
0.0,7.92
0.0,7.92
0.0,7.92
0.0,7.92
0.0,7.92
0.0,7.92
0.0,7.92
0.0,7.92
0.0,7.92
0.0,7.92
0.0,7.92
0.0,7.92
0.0,7.92
0.0,7.92
0.0,7.92
0.0,7.92
0.0,7.92
0.0,7.92
0.0,7.92
0.0,7.92
0.0,7.92
0.0,7.92
0.0,7.92
0.0,7.92
0.0,7.92
0.0,7.92
0.0,7.92
0.0,7.92
0.0,7.92
0.0,7.92
0.0,7.92
0.0,7.92
0.0,7.92
0.0,7.92
0.0,7.92
0.0,7.92
0.0,7.92
0.0,7.92
0.0,7.92
0.0,7.92
0.0,7.92
0.0,7.92
0.0,7.92
0.0,7.92
0.0,7.92
0.0,7.92
0.0,7.92
0.0,7.92
0.0,7.92
0.0,7.92
0.0,7.92
0.0,7.92
0.0,7.92
0.0,7.92
0.0,7.92
0.0,7.92
0.0,7.92
0.0,7.92
0.0,7.92
0.0,7.92
0.0,7.92
0.0,7.92
0.0,7.92
0.0,7.92
0.0,7.92
0.0,7.92
0.0,7.92
0.0,7.92
0.0,7.92
0.0,7.92
0.0,7.92
0.0,7.92
0.0,7.92
0.0,7.92
0.0,7.92
0.0,7.92
0.0,7.92
0.0,7.92
0.0,7.92
0.0,7.92
0.0,7.92
0.0,7.92
0.0,7.92
0.0,7.92
0.0,7.92
0.0,7.92
0.0,7.92
0.0,7.92
0.0,7.92
0.0,7.92
0.0,7.92
0.0,7.92
0.0,7.92
0.0,7.92
0.0,7.92
0.0,7.92
0.0,7.92
0.0,7.92
0.0,7.92
0.0,7.92
0.0,7.92
0.0,7.92
0.0,7.92
0.0,7.92
0.0,7.92
0.0,7.92
0.0,7.92
0.0,7.92
0.0,7.92
0.0,7.92
0.0,7.92
0.0,7.92
0.0,7.92
0.0,7.92
0.0,7.92
0.0,7.92
0.0,7.92
0.0,7.92
0.0,7.92
0.0,7.92
0.0,7.92
0.0,7.92
0.0,7.92
0.0,7.92
0.0,7.92
0.0,7.92
0.0,7.92
0.0,7.92
0.0,7.92
0.0,7.92
0.0,7.92
0.0,7.92
0.0,7.92
0.0,7.92
0.0,7.92
0.0,7.92
0.0,7.92
0.0,7.92
0.0,7.92
0.0,7.92
0.0,7.92
0.0,7.92
0.0,7.92
0.0,7.92
0.0,7.92
0.0,7.92
0.0,7.92
0.0,7.92
0.0,7.92
0.0,7.92
0.0,7.92
0.0,7.92
0.0,7.92
0.0,7.92
0.0,7.92
0.0,7.92
0.0,7.92
0.0,7.92
0.0,7.92
0.0,7.92
0.0,7.92
0.0,7.92
0.0,7.92
0.0,7.92
0.0,7.92
0.0,7.92
0.0,7.92
0.0,7.92
0.0,7.92
0.0,7.92
0.0,7.92
0.0,7.92
0.0,7.92
0.0,7.92
0.0,7.92
0.0,7.92
0.0,7.92
0.0,7.92
0.0,7.92
0.0,7.92
0.0,7.92
0.0,7.92
0.0,7.92
0.0,7.92
0.0,7.92
0.0,7.92
0.0,7.92
0.0,7.92
0.0,7.92
0.0,7.92
0.0,7.92
0.0,7.92
0.0,7.92
0.0,7.92
0.0,7.92
0.0,7.92
0.0,7.92
0.0,7.92
0.0,7.92
0.0,7.92
0.0,7.92
0.0,7.92
0.0,7.92
0.0,7.92
0.0,7.92
0.0,7.92
0.0,7.92
0.0,7.92
0.0,7.92
0.0,7.92
0.0,7.92
0.0,7.92
0.0,7.92
0.0,7.92
0.0,7.92
0.0,7.92
0.0,7.92
0.0,7.92
0.0,7.92
0.0,7.92
0.0,7.92
0.0,7.92
0.0,7.92
0.0,7.92
0.0,7.92
0.0,7.92
0.0,7.92
0.0,7.92
0.0,7.92
0.0,7.92
0.0,7.92
0.0,7.92
0.0,7.92
0.0,7.92
0.0,7.92
0.0,7.92
0.0,7.92
0.0,7.92
0.0,7.92
0.0,7.92
0.0,7.92
0.0,7.92
0.0,7.92
0.0,7.92
0.0,7.92
0.0,7.92
0.0,7.92
0.0,7.92
0.0,7.92
0.0,7.92
0.0,7.92
0.0,7.92
0.0,7.92
0.0,7.92
0.0,7.92
0.0,7.92
0.0,7.92
0.0,7.92
0.0,7.92
0.0,7.92
0.0,7.92
0.0,7.92
0.0,7.92
0.0,7.92
0.0,7.92
0.0,7.92
0.0,7.92
0.0,7.92
0.0,7.92
0.0,7.92
0.0,7.92
0.0,7.92
0.0,7.92
0.0,7.92
0.0,7.92
0.0,7.92
0.0,7.92
0.0,7.92
0.0,7.92
0.0,7.92
0.0,7.92
0.0,7.92
0.0,7.92
0.0,7.92
0.0,7.92
0.0,7.92
0.0,7.92
0.0,7.92
0.0,7.92
0.0,7.92
0.0,7.92
0.0,7.92
0.0,7.92
0.0,7.92
0.0,7.92
0.0,7.92
0.0,7.92
0.0,7.92
0.0,7.92
0.0,7.92
0.0,7.92
0.0,7.92
0.0,7.92
0.0,7.92
0.0,7.92
0.0,7.92
0.0,7.92
0.0,7.92
0.0,7.92
0.0,7.92
0.0,7.92
0.0,7.92
0.0,7.92
0.0,7.92
0.0,7.92
0.0,7.92
0.0,7.92
0.0,7.92
0.0,7.92
0.0,7.92
0.0,7.92
0.0,7.92
0.0,7.92
0.0,7.92
0.0,7.92
0.0,7.92
0.0,7.92
0.0,7.92
0.0,7.92
0.0,7.92
0.0,7.92
0.0,7.92
0.0,7.92
0.0,7.92
0.0,7.92
0.0,7.92
0.0,7.92
0.0,7.92
1.98,2.03
