1.98,5.0
1.98,5.0
1.98,5.0
1.98,5.0
1.98,5.0
1.0,5.0
1.0,5.0
1.0,5.0
1.0,5.0
1.0,5.0
1.0,5.0
1.0,5.0
1.0,5.0
1.0,5.0
0.66,5.0
0.66,5.0
0.66,5.0
0.66,5.0
0.66,5.0
0.66,5.0
0.66,5.0
0.66,5.0
0.66,5.0
1.98,5.0
1.98,5.0
1.98,5.0
1.98,5.0
1.98,5.0
1.98,5.0
1.98,5.0
1.98,5.0
1.98,5.0
1.0,5.0
1.0,5.0
1.0,5.0
1.0,5.0
1.0,5.0
1.0,5.0
1.0,5.0
1.0,5.0
1.0,5.0
0.66,5.0
0.66,5.0
0.66,5.0
0.66,5.0
0.66,5.0
0.66,5.0
0.66,5.0
0.66,5.0
0.66,5.0
1.98,2.04
1.98,2.04
1.98,2.04
1.98,1.08
1.98,1.08
1.98,1.08
1.98,2.36
1.98,2.36
1.98,2.36
1.0,1.4
1.0,1.4
1.0,1.4
1.0,1.08
1.0,1.08
1.0,1.08
1.0,2.36
1.0,2.36
1.0,2.36
0.66,2.28
0.66,2.28
0.66,2.28
0.66,1.08
0.66,1.08
0.66,1.08
0.66,2.36
0.66,2.36
0.66,2.36
1.98,3.35
1.98,3.35
1.98,3.35
1.98,3.35
1.98,3.35
1.98,3.35
1.98,3.35
1.98,3.35
1.98,3.35
1.0,3.35
1.0,3.35
1.0,3.35
1.0,3.35
1.0,3.35
1.0,3.35
1.0,3.35
1.0,3.35
1.0,3.35
0.66,3.35
0.66,3.35
0.66,3.35
0.66,3.35
0.66,3.35
0.66,3.35
0.66,3.35
0.66,3.35
0.66,3.35
1.98,2.5
1.98,2.5
1.98,2.5
1.98,2.5
1.98,2.5
1.98,2.5
1.98,2.5
1.98,2.5
1.98,2.5
1.0,2.5
1.0,2.5
1.0,2.5
1.0,2.5
1.0,2.5
1.0,2.5
1.0,2.5
1.0,2.5
1.0,2.5
0.66,2.5
0.66,2.5
0.66,2.5
0.66,2.5
0.66,2.5
0.66,2.5
0.66,2.5
0.66,2.5
0.66,2.5
0.0,2.03
0.0,2.36
0.0,2.04
0.0,2.03
0.0,2.36
0.0,2.36
0.0,2.03
0.0,2.36
0.0,2.36
0.0,2.25
0.0,2.36
0.0,2.31
0.0,2.25
0.0,2.36
0.0,2.36
0.0,2.25
0.0,2.36
0.0,2.36
0.0,2.25
0.0,2.36
0.0,2.28
0.0,2.31
0.0,2.36
0.0,2.36
0.0,2.33
0.0,2.36
0.0,2.36
0.0,2.03
0.0,2.36
0.0,3.0
0.0,2.03
0.0,2.36
0.0,3.0
0.0,2.03
0.0,2.36
0.0,3.0
0.0,2.25
0.0,2.36
0.0,3.0
0.0,2.25
0.0,2.36
0.0,3.0
0.0,2.25
0.0,2.36
0.0,3.0
0.0,2.8
0.0,2.36
0.0,3.0
0.0,2.8
0.0,2.36
0.0,3.0
0.0,2.8
0.0,2.36
0.0,3.0
0.0,2.03
0.0,2.36
0.0,2.52
0.0,2.03
0.0,2.36
0.0,2.52
0.0,2.03
0.0,2.36
0.0,2.52
0.0,2.25
0.0,2.36
0.0,2.52
0.0,2.25
0.0,2.36
0.0,2.52
0.0,2.25
0.0,2.36
0.0,2.52
0.0,2.49
0.0,2.36
0.0,2.52
0.0,2.49
0.0,2.36
0.0,2.52
0.0,2.49
0.0,2.36
0.0,2.52
0.0,5.0
0.0,5.0
0.0,5.0
0.0,5.0
0.0,5.0
0.0,5.0
0.0,5.0
0.0,5.0
0.0,5.0
0.0,5.0
0.0,5.0
0.0,5.0
0.0,5.0
0.0,5.0
0.0,5.0
0.0,5.0
0.0,5.0
0.0,5.0
0.0,5.0
0.0,5.0
0.0,5.0
0.0,5.0
0.0,5.0
0.0,5.0
0.0,5.0
0.0,5.0
0.0,5.0
0.0,5.0
0.0,5.0
0.0,5.0
0.0,5.0
0.0,5.0
0.0,5.0
0.0,5.0
0.0,5.0
0.0,5.0
0.0,5.0
0.0,5.0
0.0,5.0
0.0,5.0
0.0,5.0
0.0,5.0
0.0,5.0
0.0,5.0
0.0,5.0
0.0,5.0
0.0,5.0
0.0,5.0
0.0,5.0
0.0,5.0
0.0,5.0
0.0,5.0
0.0,5.0
0.0,5.0
0.0,5.0
0.0,5.0
0.0,5.0
0.0,5.0
0.0,5.0
0.0,5.0
0.0,5.0
0.0,5.0
0.0,5.0
0.0,5.0
0.0,5.0
0.0,5.0
0.0,5.0
0.0,5.0
0.0,5.0
0.0,5.0
0.0,5.0
0.0,5.0
0.0,5.0
0.0,5.0
0.0,5.0
0.0,5.0
0.0,5.0
0.0,5.0
0.0,5.0
0.0,5.0
0.0,5.0
0.0,2.04
0.0,2.04
0.0,2.04
0.0,2.4
0.0,2.4
0.0,2.4
0.0,2.36
0.0,2.36
0.0,2.36
0.0,2.36
0.0,2.36
0.0,2.36
0.0,2.4
0.0,2.4
0.0,2.4
0.0,2.36
0.0,2.36
0.0,2.36
0.0,2.28
0.0,2.28
0.0,2.28
0.0,2.4
0.0,2.4
0.0,2.4
0.0,2.36
0.0,2.36
0.0,2.36
0.0,3.35
0.0,3.35
0.0,3.35
0.0,3.35
0.0,3.35
0.0,3.35
0.0,3.35
0.0,3.35
0.0,3.35
0.0,3.35
0.0,3.35
0.0,3.35
0.0,3.35
0.0,3.35
0.0,3.35
0.0,3.35
0.0,3.35
0.0,3.35
0.0,3.35
0.0,3.35
0.0,3.35
0.0,3.35
0.0,3.35
0.0,3.35
0.0,3.35
0.0,3.35
0.0,3.35
0.0,2.5
0.0,2.5
0.0,2.5
0.0,2.5
0.0,2.5
0.0,2.5
0.0,2.5
0.0,2.5
0.0,2.5
0.0,2.5
0.0,2.5
0.0,2.5
0.0,2.5
0.0,2.5
0.0,2.5
0.0,2.5
0.0,2.5
0.0,2.5
0.0,2.5
0.0,2.5
0.0,2.5
0.0,2.5
0.0,2.5
0.0,2.5
0.0,2.5
0.0,2.5
0.0,2.5
0.0,2.03
0.0,2.02
0.0,2.04
0.0,2.03
0.0,1.75
0.0,1.8
0.0,2.03
0.0,2.31
0.0,2.36
0.0,1.8
0.0,1.83
0.0,1.85
0.0,1.77
0.0,1.75
0.0,1.8
0.0,2.33
0.0,2.31
0.0,2.36
0.0,2.25
0.0,2.23
0.0,2.28
0.0,1.77
0.0,1.75
0.0,1.8
0.0,2.33
0.0,2.31
0.0,2.36
0.0,2.03
0.0,2.4
0.0,3.0
0.0,2.03
0.0,2.4
0.0,3.0
0.0,2.03
0.0,2.4
0.0,3.0
0.0,2.33
0.0,2.4
0.0,3.0
0.0,2.33
0.0,2.4
0.0,3.0
0.0,2.33
0.0,2.4
0.0,3.0
0.0,2.8
0.0,2.4
0.0,3.0
0.0,2.8
0.0,2.4
0.0,3.0
0.0,2.8
0.0,2.4
0.0,3.0
0.0,2.03
0.0,2.47
0.0,2.52
0.0,2.03
0.0,2.47
0.0,2.52
0.0,2.03
0.0,2.47
0.0,2.52
0.0,2.49
0.0,2.47
0.0,2.52
0.0,2.49
0.0,2.47
0.0,2.52
0.0,2.49
0.0,2.47
0.0,2.52
0.0,2.49
0.0,2.47
0.0,2.52
0.0,2.49
0.0,2.47
0.0,2.52
0.0,2.49
0.0,2.47
0.0,2.52
0.0,5.0
0.0,5.0
0.0,5.0
0.0,5.0
0.0,5.0
0.0,5.0
0.0,5.0
0.0,5.0
0.0,5.0
0.0,5.0
0.0,5.0
0.0,5.0
0.0,5.0
0.0,5.0
0.0,5.0
0.0,5.0
0.0,5.0
0.0,5.0
0.0,5.0
0.0,5.0
0.0,5.0
0.0,5.0
0.0,5.0
0.0,5.0
0.0,5.0
0.0,5.0
0.0,5.0
0.0,5.0
0.0,5.0
0.0,5.0
0.0,5.0
0.0,5.0
0.0,5.0
0.0,5.0
0.0,5.0
0.0,5.0
0.0,5.0
0.0,5.0
0.0,5.0
0.0,5.0
0.0,5.0
0.0,5.0
0.0,5.0
0.0,5.0
0.0,5.0
0.0,5.0
0.0,5.0
0.0,5.0
0.0,5.0
0.0,5.0
0.0,5.0
0.0,5.0
0.0,5.0
0.0,5.0
0.0,5.0
0.0,5.0
0.0,5.0
0.0,5.0
0.0,5.0
0.0,5.0
0.0,5.0
0.0,5.0
0.0,5.0
0.0,5.0
0.0,5.0
0.0,5.0
0.0,5.0
0.0,5.0
0.0,5.0
0.0,5.0
0.0,5.0
0.0,5.0
0.0,5.0
0.0,5.0
0.0,5.0
0.0,5.0
0.0,5.0
0.0,5.0
0.0,5.0
0.0,5.0
0.0,5.0
0.0,2.04
0.0,2.04
0.0,2.04
0.0,1.8
0.0,1.8
0.0,1.8
0.0,2.36
0.0,2.36
0.0,2.36
0.0,1.85
0.0,1.85
0.0,1.85
0.0,1.8
0.0,1.8
0.0,1.8
0.0,2.36
0.0,2.36
0.0,2.36
0.0,2.28
0.0,2.28
0.0,2.28
0.0,1.8
0.0,1.8
0.0,1.8
0.0,2.36
0.0,2.36
0.0,2.36
0.0,3.35
0.0,3.35
0.0,3.35
0.0,3.35
0.0,3.35
0.0,3.35
0.0,3.35
0.0,3.35
0.0,3.35
0.0,3.35
0.0,3.35
0.0,3.35
0.0,3.35
0.0,3.35
0.0,3.35
0.0,3.35
0.0,3.35
0.0,3.35
0.0,3.35
0.0,3.35
0.0,3.35
0.0,3.35
0.0,3.35
0.0,3.35
0.0,3.35
0.0,3.35
0.0,3.35
0.0,2.5
0.0,2.5
0.0,2.5
0.0,2.5
0.0,2.5
0.0,2.5
0.0,2.5
0.0,2.5
0.0,2.5
0.0,2.5
0.0,2.5
0.0,2.5
0.0,2.5
0.0,2.5
0.0,2.5
0.0,2.5
0.0,2.5
0.0,2.5
0.0,2.5
0.0,2.5
0.0,2.5
0.0,2.5
0.0,2.5
0.0,2.5
0.0,2.5
0.0,2.5
0.0,2.5
1.98,2.03
1.98,2.01
1.98,2.04
1.98,2.03
1.98,1.05
1.98,1.08
1.98,2.03
1.98,2.33
1.98,2.36
1.0,1.37
1.0,1.37
1.0,1.4
1.0,1.05
1.0,1.05
1.0,1.08
1.0,2.33
1.0,2.33
1.0,2.36
0.66,2.25
0.66,2.25
0.66,2.28
0.66,1.1
0.66,1.05
0.66,1.08
0.66,2.33
0.66,2.33
0.66,2.36
1.98,2.03
1.98,2.01
1.98,3.0
1.98,2.03
1.98,1.05
1.98,3.0
1.98,2.03
1.98,2.33
1.98,3.0
1.0,1.37
1.0,1.37
1.0,3.0
1.0,1.05
1.0,1.05
1.0,3.0
1.0,2.31
1.0,2.33
1.0,3.0
0.66,2.8
0.66,2.31
0.66,3.0
0.66,2.8
0.66,1.05
0.66,3.0
0.66,2.8
0.66,2.33
0.66,3.0
1.98,2.03
1.98,2.01
1.98,2.97
1.98,2.03
1.98,1.05
1.98,2.97
1.98,2.03
1.98,2.45
1.98,2.97
1.0,1.37
1.0,1.37
1.0,2.97
1.0,1.05
1.0,1.05
1.0,2.97
1.0,2.37
1.0,2.45
1.0,2.97
0.66,2.81
0.66,2.37
0.66,2.97
0.66,2.81
0.66,1.05
0.66,2.97
0.66,2.81
0.66,2.45
0.66,2.97
1.98,5.0
1.98,5.0
1.98,5.0
1.98,5.0
1.98,5.0
1.98,5.0
1.98,5.0
1.98,5.0
1.98,5.0
1.0,5.0
1.0,5.0
1.0,5.0
1.0,5.0
1.0,5.0
1.0,5.0
1.0,5.0
1.0,5.0
1.0,5.0
0.66,5.0
0.66,5.0
0.66,5.0
0.66,5.0
0.66,5.0
0.66,5.0
0.66,5.0
0.66,5.0
0.66,5.0
1.98,5.0
1.98,5.0
1.98,5.0
1.98,5.0
1.98,5.0
1.98,5.0
1.98,5.0
1.98,5.0
1.98,5.0
1.0,5.0
1.0,5.0
1.0,5.0
1.0,5.0
1.0,5.0
1.0,5.0
1.0,5.0
1.0,5.0
1.0,5.0
0.66,5.0
0.66,5.0
0.66,5.0
0.66,5.0
0.66,5.0
0.66,5.0
0.66,5.0
0.66,5.0
0.66,5.0
1.98,5.0
1.98,5.0
1.98,5.0
1.98,5.0
1.98,5.0
1.98,5.0
1.98,5.0
1.98,5.0
1.98,5.0
1.0,5.0
1.0,5.0
1.0,5.0
1.0,5.0
1.0,5.0
1.0,5.0
1.0,5.0
1.0,5.0
1.0,5.0
0.66,5.0
0.66,5.0
0.66,5.0
0.66,5.0
0.66,5.0
0.66,5.0
0.66,5.0
0.66,5.0
0.66,5.0
1.98,2.04
1.98,2.04
1.98,2.04
1.98,1.08
1.98,1.08
1.98,1.08
1.98,2.36
1.98,2.36
1.98,2.36
1.0,1.4
1.0,1.4
1.0,1.4
1.0,1.08
1.0,1.08
1.0,1.08
1.0,2.36
1.0,2.36
1.0,2.36
0.66,2.28
0.66,2.28
0.66,2.28
0.66,1.08
0.66,1.08
0.66,1.08
0.66,2.36
0.66,2.36
0.66,2.36
1.98,3.35
1.98,3.35
1.98,3.35
1.98,3.35
1.98,3.35
1.98,3.35
1.98,3.35
1.98,3.35
1.98,3.35
1.0,3.35
1.0,3.35
1.0,3.35
1.0,3.35
1.0,3.35
1.0,3.35
1.0,3.35
1.0,3.35
1.0,3.35
0.66,3.35
0.66,3.35
0.66,3.35
0.66,3.35
0.66,3.35
0.66,3.35
0.66,3.35
0.66,3.35
0.66,3.35
1.98,2.08
1.98,2.06
1.98,3.03
1.98,2.08
1.98,1.14
1.98,3.03
1.98,2.08
1.98,2.43
1.98,3.03
1.0,1.46
1.0,1.44
1.0,3.03
1.0,1.14
1.0,1.14
1.0,3.03
1.0,2.38
1.0,2.43
1.0,3.03
0.66,2.82
0.66,2.38
0.66,3.03
0.66,2.82
0.66,1.14
0.66,3.03
0.66,2.82
0.66,2.43
0.66,3.03
0.0,2.03
0.0,2.36
0.0,2.04
0.0,2.03
0.0,2.36
0.0,2.36
0.0,2.03
0.0,2.36
0.0,2.36
0.0,2.25
0.0,2.36
0.0,2.31
0.0,2.25
0.0,2.36
0.0,2.36
0.0,2.25
0.0,2.36
0.0,2.36
0.0,2.25
0.0,2.36
0.0,2.28
0.0,2.31
0.0,2.36
0.0,2.36
0.0,2.33
0.0,2.36
0.0,2.36
0.0,2.03
0.0,2.36
0.0,3.0
0.0,2.03
0.0,2.36
0.0,3.0
0.0,2.03
0.0,2.36
0.0,3.0
0.0,2.25
0.0,2.36
0.0,3.0
0.0,2.25
0.0,2.36
0.0,3.0
0.0,2.25
0.0,2.36
0.0,3.0
0.0,2.8
0.0,2.36
0.0,3.0
0.0,2.8
0.0,2.36
0.0,3.0
0.0,2.8
0.0,2.36
0.0,3.0
0.0,2.03
0.0,2.36
0.0,2.97
0.0,2.03
0.0,2.36
0.0,2.97
0.0,2.03
0.0,2.36
0.0,2.97
0.0,2.25
0.0,2.36
0.0,2.97
0.0,2.25
0.0,2.36
0.0,2.97
0.0,2.25
0.0,2.36
0.0,2.97
0.0,2.81
0.0,2.36
0.0,2.97
0.0,2.81
0.0,2.36
0.0,2.97
0.0,2.81
0.0,2.36
0.0,2.97
0.0,5.0
0.0,5.0
0.0,5.0
0.0,5.0
0.0,5.0
0.0,5.0
0.0,5.0
0.0,5.0
0.0,5.0
0.0,5.0
0.0,5.0
0.0,5.0
0.0,5.0
0.0,5.0
0.0,5.0
0.0,5.0
0.0,5.0
0.0,5.0
0.0,5.0
0.0,5.0
0.0,5.0
0.0,5.0
0.0,5.0
0.0,5.0
0.0,5.0
0.0,5.0
0.0,5.0
0.0,5.0
0.0,5.0
0.0,5.0
0.0,5.0
0.0,5.0
0.0,5.0
0.0,5.0
0.0,5.0
0.0,5.0
0.0,5.0
0.0,5.0
0.0,5.0
0.0,5.0
0.0,5.0
0.0,5.0
0.0,5.0
0.0,5.0
0.0,5.0
0.0,5.0
0.0,5.0
0.0,5.0
0.0,5.0
0.0,5.0
0.0,5.0
0.0,5.0
0.0,5.0
0.0,5.0
0.0,5.0
0.0,5.0
0.0,5.0
0.0,5.0
0.0,5.0
0.0,5.0
0.0,5.0
0.0,5.0
0.0,5.0
0.0,5.0
0.0,5.0
0.0,5.0
0.0,5.0
0.0,5.0
0.0,5.0
0.0,5.0
0.0,5.0
0.0,5.0
0.0,5.0
0.0,5.0
0.0,5.0
0.0,5.0
0.0,5.0
0.0,5.0
0.0,5.0
0.0,5.0
0.0,5.0
0.0,2.04
0.0,2.04
0.0,2.04
0.0,2.4
0.0,2.4
0.0,2.4
0.0,2.36
0.0,2.36
0.0,2.36
0.0,2.36
0.0,2.36
0.0,2.36
0.0,2.4
0.0,2.4
0.0,2.4
0.0,2.36
0.0,2.36
0.0,2.36
0.0,2.28
0.0,2.28
0.0,2.28
0.0,2.4
0.0,2.4
0.0,2.4
0.0,2.36
0.0,2.36
0.0,2.36
0.0,3.35
0.0,3.35
0.0,3.35
0.0,3.35
0.0,3.35
0.0,3.35
0.0,3.35
0.0,3.35
0.0,3.35
0.0,3.35
0.0,3.35
0.0,3.35
0.0,3.35
0.0,3.35
0.0,3.35
0.0,3.35
0.0,3.35
0.0,3.35
0.0,3.35
0.0,3.35
0.0,3.35
0.0,3.35
0.0,3.35
0.0,3.35
0.0,3.35
0.0,3.35
0.0,3.35
0.0,2.08
0.0,2.85
0.0,3.03
0.0,2.08
0.0,2.85
0.0,3.03
0.0,2.08
0.0,2.85
0.0,3.03
0.0,2.74
0.0,2.85
0.0,3.03
0.0,2.74
0.0,2.85
0.0,3.03
0.0,2.74
0.0,2.85
0.0,3.03
0.0,2.82
0.0,2.85
0.0,3.03
0.0,2.82
0.0,2.85
0.0,3.03
0.0,2.82
0.0,2.85
0.0,3.03
0.0,2.03
0.0,2.47
0.0,2.04
0.0,2.03
0.0,2.47
0.0,2.45
0.0,2.03
0.0,2.47
0.0,2.36
0.0,2.37
0.0,2.47
0.0,2.4
0.0,2.37
0.0,2.47
0.0,2.45
0.0,2.37
0.0,2.47
0.0,2.36
0.0,2.25
0.0,2.47
0.0,2.28
0.0,2.37
0.0,2.47
0.0,2.45
0.0,2.33
0.0,2.47
0.0,2.36
0.0,2.03
0.0,2.47
0.0,3.0
0.0,2.03
0.0,2.47
0.0,3.0
0.0,2.03
0.0,2.47
0.0,3.0
0.0,2.37
0.0,2.47
0.0,3.0
0.0,2.37
0.0,2.47
0.0,3.0
0.0,2.37
0.0,2.47
0.0,3.0
0.0,2.8
0.0,2.47
0.0,3.0
0.0,2.8
0.0,2.47
0.0,3.0
0.0,2.8
0.0,2.47
0.0,3.0
0.0,2.03
0.0,2.47
0.0,2.97
0.0,2.03
0.0,2.47
0.0,2.97
0.0,2.03
0.0,2.47
0.0,2.97
0.0,2.37
0.0,2.47
0.0,2.97
0.0,2.37
0.0,2.47
0.0,2.97
0.0,2.37
0.0,2.47
0.0,2.97
0.0,2.81
0.0,2.47
0.0,2.97
0.0,2.81
0.0,2.47
0.0,2.97
0.0,2.81
0.0,2.47
0.0,2.97
0.0,5.0
0.0,5.0
0.0,5.0
0.0,5.0
0.0,5.0
0.0,5.0
0.0,5.0
0.0,5.0
0.0,5.0
0.0,5.0
0.0,5.0
0.0,5.0
0.0,5.0
0.0,5.0
0.0,5.0
0.0,5.0
0.0,5.0
0.0,5.0
0.0,5.0
0.0,5.0
0.0,5.0
0.0,5.0
0.0,5.0
0.0,5.0
0.0,5.0
0.0,5.0
0.0,5.0
0.0,5.0
0.0,5.0
0.0,5.0
0.0,5.0
0.0,5.0
0.0,5.0
0.0,5.0
0.0,5.0
0.0,5.0
0.0,5.0
0.0,5.0
0.0,5.0
0.0,5.0
0.0,5.0
0.0,5.0
0.0,5.0
0.0,5.0
0.0,5.0
0.0,5.0
0.0,5.0
0.0,5.0
0.0,5.0
0.0,5.0
0.0,5.0
0.0,5.0
0.0,5.0
0.0,5.0
0.0,5.0
0.0,5.0
0.0,5.0
0.0,5.0
0.0,5.0
0.0,5.0
0.0,5.0
0.0,5.0
0.0,5.0
0.0,5.0
0.0,5.0
0.0,5.0
0.0,5.0
0.0,5.0
0.0,5.0
0.0,5.0
0.0,5.0
0.0,5.0
0.0,5.0
0.0,5.0
0.0,5.0
0.0,5.0
0.0,5.0
0.0,5.0
0.0,5.0
0.0,5.0
0.0,5.0
0.0,2.04
0.0,2.04
0.0,2.04
0.0,2.06
0.0,2.52
0.0,2.43
0.0,2.36
0.0,2.36
0.0,2.36
0.0,2.42
0.0,2.52
0.0,2.4
0.0,2.4
0.0,2.52
0.0,2.43
0.0,2.36
0.0,2.36
0.0,2.36
0.0,2.28
0.0,2.28
0.0,2.28
0.0,2.4
0.0,2.52
0.0,2.43
0.0,2.36
0.0,2.36
0.0,2.36
0.0,3.35
0.0,3.35
0.0,3.35
0.0,3.35
0.0,3.35
0.0,3.35
0.0,3.35
0.0,3.35
0.0,3.35
0.0,3.35
0.0,3.35
0.0,3.35
0.0,3.35
0.0,3.35
0.0,3.35
0.0,3.35
0.0,3.35
0.0,3.35
0.0,3.35
0.0,3.35
0.0,3.35
0.0,3.35
0.0,3.35
0.0,3.35
0.0,3.35
0.0,3.35
0.0,3.35
0.0,2.08
0.0,2.5
0.0,3.03
0.0,2.08
0.0,2.5
0.0,3.03
0.0,2.08
0.0,2.5
0.0,3.03
0.0,2.46
0.0,2.5
0.0,3.03
0.0,2.46
0.0,2.5
0.0,3.03
0.0,2.46
0.0,2.5
0.0,3.03
0.0,2.82
0.0,2.5
0.0,3.03
0.0,2.82
0.0,2.5
0.0,3.03
0.0,2.82
0.0,2.5
0.0,3.03
1.98,2.03
1.98,2.01
1.98,2.04
1.98,2.03
1.98,1.05
1.98,1.08
1.98,2.03
1.98,2.33
1.98,2.36
1.0,1.37
1.0,1.37
1.0,1.4
1.0,1.05
1.0,1.05
1.0,1.08
1.0,2.33
1.0,2.33
1.0,2.36
0.66,2.25
0.66,2.25
0.66,2.28
0.66,1.1
0.66,1.05
0.66,1.08
0.66,2.33
0.66,2.33
0.66,2.36
1.98,2.03
1.98,2.01
1.98,3.0
1.98,2.03
1.98,1.05
1.98,3.0
1.98,2.03
1.98,2.33
1.98,3.0
1.0,1.37
1.0,1.37
1.0,3.0
1.0,1.05
1.0,1.05
1.0,3.0
1.0,2.31
1.0,2.33
1.0,3.0
0.66,2.8
0.66,2.31
0.66,3.0
0.66,2.8
0.66,1.05
0.66,3.0
0.66,2.8
0.66,2.33
0.66,3.0
1.98,2.03
1.98,2.01
1.98,4.28
1.98,2.03
1.98,1.05
1.98,4.28
1.98,2.03
1.98,4.17
1.98,4.28
1.0,1.37
1.0,1.37
1.0,4.28
1.0,1.05
1.0,1.05
1.0,4.28
1.0,4.19
1.0,4.17
1.0,4.28
0.66,4.25
0.66,4.19
0.66,4.28
0.66,4.25
0.66,1.05
0.66,4.28
0.66,4.25
0.66,4.17
0.66,4.28
1.98,5.0
1.98,5.0
1.98,5.0
1.98,5.0
1.98,5.0
1.98,5.0
1.98,5.0
1.98,5.0
1.98,5.0
1.0,5.0
1.0,5.0
1.0,5.0
1.0,5.0
1.0,5.0
1.0,5.0
1.0,5.0
1.0,5.0
1.0,5.0
0.66,5.0
0.66,5.0
0.66,5.0
0.66,5.0
0.66,5.0
0.66,5.0
0.66,5.0
0.66,5.0
0.66,5.0
1.98,5.0
1.98,5.0
1.98,5.0
1.98,5.0
1.98,5.0
1.98,5.0
1.98,5.0
1.98,5.0
1.98,5.0
1.0,5.0
1.0,5.0
1.0,5.0
1.0,5.0
1.0,5.0
1.0,5.0
1.0,5.0
1.0,5.0
1.0,5.0
0.66,5.0
0.66,5.0
0.66,5.0
0.66,5.0
0.66,5.0
0.66,5.0
0.66,5.0
0.66,5.0
0.66,5.0
1.98,5.0
1.98,5.0
1.98,5.0
1.98,5.0
1.98,5.0
1.98,5.0
1.98,5.0
1.98,5.0
1.98,5.0
1.0,5.0
1.0,5.0
1.0,5.0
1.0,5.0
1.0,5.0
1.0,5.0
1.0,5.0
1.0,5.0
1.0,5.0
0.66,5.0
0.66,5.0
0.66,5.0
0.66,5.0
0.66,5.0
0.66,5.0
0.66,5.0
0.66,5.0
0.66,5.0
1.98,2.04
1.98,2.04
1.98,2.04
1.98,1.08
1.98,1.08
1.98,1.08
1.98,2.36
1.98,2.36
1.98,2.36
1.0,1.4
1.0,1.4
1.0,1.4
1.0,1.08
1.0,1.08
1.0,1.08
1.0,2.36
1.0,2.36
1.0,2.36
0.66,2.28
0.66,2.28
0.66,2.28
0.66,1.08
0.66,1.08
0.66,1.08
0.66,2.36
0.66,2.36
0.66,2.36
1.98,3.35
1.98,3.35
1.98,3.35
1.98,3.35
1.98,3.35
1.98,3.35
1.98,3.35
1.98,3.35
1.98,3.35
1.0,3.35
1.0,3.35
1.0,3.35
1.0,3.35
1.0,3.35
1.0,3.35
1.0,3.35
1.0,3.35
1.0,3.35
0.66,3.35
0.66,3.35
0.66,3.35
0.66,3.35
0.66,3.35
0.66,3.35
0.66,3.35
0.66,3.35
0.66,3.35
1.98,4.26
1.98,4.26
1.98,4.26
1.98,4.26
1.98,4.26
1.98,4.26
1.98,4.26
1.98,4.26
1.98,4.26
1.0,4.26
1.0,4.26
1.0,4.26
1.0,4.26
1.0,4.26
1.0,4.26
1.0,4.26
1.0,4.26
1.0,4.26
0.66,4.26
0.66,4.26
0.66,4.26
0.66,4.26
0.66,4.26
0.66,4.26
0.66,4.26
0.66,4.26
0.66,4.26
0.0,2.03
0.0,2.36
0.0,2.04
0.0,2.03
0.0,2.36
0.0,2.36
0.0,2.03
0.0,2.36
0.0,2.36
0.0,2.25
0.0,2.36
0.0,2.31
0.0,2.25
0.0,2.36
0.0,2.36
0.0,2.25
0.0,2.36
0.0,2.36
0.0,2.25
0.0,2.36
0.0,2.28
0.0,2.31
0.0,2.36
0.0,2.36
0.0,2.33
0.0,2.36
0.0,2.36
0.0,2.03
0.0,2.36
0.0,3.0
0.0,2.03
0.0,2.36
0.0,3.0
0.0,2.03
0.0,2.36
0.0,3.0
0.0,2.25
0.0,2.36
0.0,3.0
0.0,2.25
0.0,2.36
0.0,3.0
0.0,2.25
0.0,2.36
0.0,3.0
0.0,2.8
0.0,2.36
0.0,3.0
0.0,2.8
0.0,2.36
0.0,3.0
0.0,2.8
0.0,2.36
0.0,3.0
0.0,2.03
0.0,2.36
0.0,4.28
0.0,2.03
0.0,2.36
0.0,4.28
0.0,2.03
0.0,2.36
0.0,4.28
0.0,2.25
0.0,2.36
0.0,4.28
0.0,2.25
0.0,2.36
0.0,4.28
0.0,2.25
0.0,2.36
0.0,4.28
0.0,4.25
0.0,2.36
0.0,4.28
0.0,4.25
0.0,2.36
0.0,4.28
0.0,4.25
0.0,2.36
0.0,4.28
0.0,5.0
0.0,5.0
0.0,5.0
0.0,5.0
0.0,5.0
0.0,5.0
0.0,5.0
0.0,5.0
0.0,5.0
0.0,5.0
0.0,5.0
0.0,5.0
0.0,5.0
0.0,5.0
0.0,5.0
0.0,5.0
0.0,5.0
0.0,5.0
0.0,5.0
0.0,5.0
0.0,5.0
0.0,5.0
0.0,5.0
0.0,5.0
0.0,5.0
0.0,5.0
0.0,5.0
0.0,5.0
0.0,5.0
0.0,5.0
0.0,5.0
0.0,5.0
0.0,5.0
0.0,5.0
0.0,5.0
0.0,5.0
0.0,5.0
0.0,5.0
0.0,5.0
0.0,5.0
0.0,5.0
0.0,5.0
0.0,5.0
0.0,5.0
0.0,5.0
0.0,5.0
0.0,5.0
0.0,5.0
0.0,5.0
0.0,5.0
0.0,5.0
0.0,5.0
0.0,5.0
0.0,5.0
0.0,5.0
0.0,5.0
0.0,5.0
0.0,5.0
0.0,5.0
0.0,5.0
0.0,5.0
0.0,5.0
0.0,5.0
0.0,5.0
0.0,5.0
0.0,5.0
0.0,5.0
0.0,5.0
0.0,5.0
0.0,5.0
0.0,5.0
0.0,5.0
0.0,5.0
0.0,5.0
0.0,5.0
0.0,5.0
0.0,5.0
0.0,5.0
0.0,5.0
0.0,5.0
0.0,5.0
0.0,2.04
0.0,2.04
0.0,2.04
0.0,2.4
0.0,2.4
0.0,2.4
0.0,2.36
0.0,2.36
0.0,2.36
0.0,2.36
0.0,2.36
0.0,2.36
0.0,2.4
0.0,2.4
0.0,2.4
0.0,2.36
0.0,2.36
0.0,2.36
0.0,2.28
0.0,2.28
0.0,2.28
0.0,2.4
0.0,2.4
0.0,2.4
0.0,2.36
0.0,2.36
0.0,2.36
0.0,3.35
0.0,3.35
0.0,3.35
0.0,3.35
0.0,3.35
0.0,3.35
0.0,3.35
0.0,3.35
0.0,3.35
0.0,3.35
0.0,3.35
0.0,3.35
0.0,3.35
0.0,3.35
0.0,3.35
0.0,3.35
0.0,3.35
0.0,3.35
0.0,3.35
0.0,3.35
0.0,3.35
0.0,3.35
0.0,3.35
0.0,3.35
0.0,3.35
0.0,3.35
0.0,3.35
0.0,4.26
0.0,4.26
0.0,4.26
0.0,4.26
0.0,4.26
0.0,4.26
0.0,4.26
0.0,4.26
0.0,4.26
0.0,4.26
0.0,4.26
0.0,4.26
0.0,4.26
0.0,4.26
0.0,4.26
0.0,4.26
0.0,4.26
0.0,4.26
0.0,4.26
0.0,4.26
0.0,4.26
0.0,4.26
0.0,4.26
0.0,4.26
0.0,4.26
0.0,4.26
0.0,4.26
0.0,2.03
0.0,2.08
0.0,2.04
0.0,2.03
0.0,3.0
0.0,2.99
0.0,2.03
0.0,2.39
0.0,2.36
0.0,2.81
0.0,2.79
0.0,2.84
0.0,2.94
0.0,3.0
0.0,2.99
0.0,2.39
0.0,2.39
0.0,2.36
0.0,2.25
0.0,2.31
0.0,2.28
0.0,2.99
0.0,3.0
0.0,2.99
0.0,2.33
0.0,2.39
0.0,2.36
0.0,2.03
0.0,3.27
0.0,3.0
0.0,2.03
0.0,3.27
0.0,3.0
0.0,2.03
0.0,3.27
0.0,3.0
0.0,3.15
0.0,3.27
0.0,3.0
0.0,3.15
0.0,3.27
0.0,3.0
0.0,3.15
0.0,3.27
0.0,3.0
0.0,2.8
0.0,3.27
0.0,3.0
0.0,2.8
0.0,3.27
0.0,3.0
0.0,2.8
0.0,3.27
0.0,3.0
0.0,2.03
0.0,4.23
0.0,4.28
0.0,2.03
0.0,4.23
0.0,4.28
0.0,2.03
0.0,4.23
0.0,4.28
0.0,4.25
0.0,4.23
0.0,4.28
0.0,4.25
0.0,4.23
0.0,4.28
0.0,4.25
0.0,4.23
0.0,4.28
0.0,4.25
0.0,4.23
0.0,4.28
0.0,4.25
0.0,4.23
0.0,4.28
0.0,4.25
0.0,4.23
0.0,4.28
0.0,5.0
0.0,5.0
0.0,5.0
0.0,5.0
0.0,5.0
0.0,5.0
0.0,5.0
0.0,5.0
0.0,5.0
0.0,5.0
0.0,5.0
0.0,5.0
0.0,5.0
0.0,5.0
0.0,5.0
0.0,5.0
0.0,5.0
0.0,5.0
0.0,5.0
0.0,5.0
0.0,5.0
0.0,5.0
0.0,5.0
0.0,5.0
0.0,5.0
0.0,5.0
0.0,5.0
0.0,5.0
0.0,5.0
0.0,5.0
0.0,5.0
0.0,5.0
0.0,5.0
0.0,5.0
0.0,5.0
0.0,5.0
0.0,5.0
0.0,5.0
0.0,5.0
0.0,5.0
0.0,5.0
0.0,5.0
0.0,5.0
0.0,5.0
0.0,5.0
0.0,5.0
0.0,5.0
0.0,5.0
0.0,5.0
0.0,5.0
0.0,5.0
0.0,5.0
0.0,5.0
0.0,5.0
0.0,5.0
0.0,5.0
0.0,5.0
0.0,5.0
0.0,5.0
0.0,5.0
0.0,5.0
0.0,5.0
0.0,5.0
0.0,5.0
0.0,5.0
0.0,5.0
0.0,5.0
0.0,5.0
0.0,5.0
0.0,5.0
0.0,5.0
0.0,5.0
0.0,5.0
0.0,5.0
0.0,5.0
0.0,5.0
0.0,5.0
0.0,5.0
0.0,5.0
0.0,5.0
0.0,5.0
0.0,2.04
0.0,2.04
0.0,2.04
0.0,2.97
0.0,2.97
0.0,2.97
0.0,2.36
0.0,2.36
0.0,2.36
0.0,2.84
0.0,2.84
0.0,2.84
0.0,2.97
0.0,2.97
0.0,2.97
0.0,2.36
0.0,2.36
0.0,2.36
0.0,2.28
0.0,2.28
0.0,2.28
0.0,2.97
0.0,2.97
0.0,2.97
0.0,2.36
0.0,2.36
0.0,2.36
0.0,3.35
0.0,3.35
0.0,3.35
0.0,3.35
0.0,3.35
0.0,3.35
0.0,3.35
0.0,3.35
0.0,3.35
0.0,3.35
0.0,3.35
0.0,3.35
0.0,3.35
0.0,3.35
0.0,3.35
0.0,3.35
0.0,3.35
0.0,3.35
0.0,3.35
0.0,3.35
0.0,3.35
0.0,3.35
0.0,3.35
0.0,3.35
0.0,3.35
0.0,3.35
0.0,3.35
0.0,4.26
0.0,4.26
0.0,4.26
0.0,4.26
0.0,4.26
0.0,4.26
0.0,4.26
0.0,4.26
0.0,4.26
0.0,4.26
0.0,4.26
0.0,4.26
0.0,4.26
0.0,4.26
0.0,4.26
0.0,4.26
0.0,4.26
0.0,4.26
0.0,4.26
0.0,4.26
0.0,4.26
0.0,4.26
0.0,4.26
0.0,4.26
0.0,4.26
0.0,4.26
0.0,4.26
1.98,2.03
1.98,2.01
1.98,2.04
1.98,2.03
1.98,1.05
1.98,1.08
1.98,2.03
1.98,2.33
1.98,2.36
1.0,1.37
1.0,1.37
1.0,1.4
1.0,1.05
1.0,1.05
1.0,1.08
1.0,2.33
1.0,2.33
1.0,2.36
0.66,2.25
0.66,2.25
0.66,2.28
0.66,1.1
0.66,1.05
0.66,1.08
0.66,2.33
0.66,2.33
0.66,2.36
1.98,2.03
1.98,2.01
1.98,3.0
1.98,2.03
1.98,1.05
1.98,3.0
1.98,2.03
1.98,2.33
1.98,3.0
1.0,1.37
1.0,1.37
1.0,3.0
1.0,1.05
1.0,1.05
1.0,3.0
1.0,2.31
1.0,2.33
1.0,3.0
0.66,2.8
0.66,2.31
0.66,3.0
0.66,2.8
0.66,1.05
0.66,3.0
0.66,2.8
0.66,2.33
0.66,3.0
1.98,2.03
1.98,2.01
1.98,7.72
1.98,2.03
1.98,1.05
1.98,7.72
1.98,2.03
1.98,7.58
1.98,7.72
1.0,1.37
1.0,1.37
1.0,7.72
1.0,1.05
1.0,1.05
1.0,7.72
1.0,7.52
1.0,7.58
1.0,7.72
0.66,7.66
0.66,7.52
0.66,7.72
0.66,7.66
0.66,1.05
0.66,7.72
0.66,7.66
0.66,7.58
0.66,7.72
1.98,5.0
1.98,5.0
1.98,5.0
1.98,5.0
1.98,5.0
1.98,5.0
1.98,5.0
1.98,5.0
1.98,5.0
1.0,5.0
1.0,5.0
1.0,5.0
1.0,5.0
1.0,5.0
1.0,5.0
1.0,5.0
1.0,5.0
1.0,5.0
0.66,5.0
0.66,5.0
0.66,5.0
0.66,5.0
0.66,5.0
0.66,5.0
0.66,5.0
0.66,5.0
0.66,5.0
1.98,5.0
1.98,5.0
1.98,5.0
1.98,5.0
1.98,5.0
1.98,5.0
1.98,5.0
1.98,5.0
1.98,5.0
1.0,5.0
1.0,5.0
1.0,5.0
1.0,5.0
1.0,5.0
1.0,5.0
1.0,5.0
1.0,5.0
1.0,5.0
0.66,5.0
0.66,5.0
0.66,5.0
0.66,5.0
0.66,5.0
0.66,5.0
0.66,5.0
0.66,5.0
0.66,5.0
1.98,5.0
1.98,5.0
1.98,5.0
1.98,5.0
1.98,5.0
1.98,5.0
1.98,5.0
1.98,5.0
1.98,5.0
1.0,5.0
1.0,5.0
1.0,5.0
1.0,5.0
1.0,5.0
1.0,5.0
1.0,5.0
1.0,5.0
1.0,5.0
0.66,5.0
0.66,5.0
0.66,5.0
0.66,5.0
0.66,5.0
0.66,5.0
0.66,5.0
0.66,5.0
0.66,5.0
1.98,2.04
1.98,2.04
1.98,2.04
1.98,1.08
1.98,1.08
1.98,1.08
1.98,2.36
1.98,2.36
1.98,2.36
1.0,1.4
1.0,1.4
1.0,1.4
1.0,1.08
1.0,1.08
1.0,1.08
1.0,2.36
1.0,2.36
1.0,2.36
0.66,2.28
0.66,2.28
0.66,2.28
0.66,1.08
0.66,1.08
0.66,1.08
0.66,2.36
0.66,2.36
0.66,2.36
1.98,3.35
1.98,3.35
1.98,3.35
1.98,3.35
1.98,3.35
1.98,3.35
1.98,3.35
1.98,3.35
1.98,3.35
1.0,3.35
1.0,3.35
1.0,3.35
1.0,3.35
1.0,3.35
1.0,3.35
1.0,3.35
1.0,3.35
1.0,3.35
0.66,3.35
0.66,3.35
0.66,3.35
0.66,3.35
0.66,3.35
0.66,3.35
0.66,3.35
0.66,3.35
0.66,3.35
1.98,7.78
1.98,7.78
1.98,7.78
1.98,7.78
1.98,7.78
1.98,7.78
1.98,7.78
1.98,7.78
1.98,7.78
1.0,7.78
1.0,7.78
1.0,7.78
1.0,7.78
1.0,7.78
1.0,7.78
1.0,7.78
1.0,7.78
1.0,7.78
0.66,7.78
0.66,7.78
0.66,7.78
0.66,7.78
0.66,7.78
0.66,7.78
0.66,7.78
0.66,7.78
0.66,7.78
0.0,2.03
0.0,2.36
0.0,2.04
0.0,2.03
0.0,2.36
0.0,2.36
0.0,2.03
0.0,2.36
0.0,2.36
0.0,2.25
0.0,2.36
0.0,2.31
0.0,2.25
0.0,2.36
0.0,2.36
0.0,2.25
0.0,2.36
0.0,2.36
0.0,2.25
0.0,2.36
0.0,2.28
0.0,2.31
0.0,2.36
0.0,2.36
0.0,2.33
0.0,2.36
0.0,2.36
0.0,2.03
0.0,2.36
0.0,3.0
0.0,2.03
0.0,2.36
0.0,3.0
0.0,2.03
0.0,2.36
0.0,3.0
0.0,2.25
0.0,2.36
0.0,3.0
0.0,2.25
0.0,2.36
0.0,3.0
0.0,2.25
0.0,2.36
0.0,3.0
0.0,2.8
0.0,2.36
0.0,3.0
0.0,2.8
0.0,2.36
0.0,3.0
0.0,2.8
0.0,2.36
0.0,3.0
0.0,2.03
0.0,2.36
0.0,7.72
0.0,2.03
0.0,2.36
0.0,7.72
0.0,2.03
0.0,2.36
0.0,7.72
0.0,2.25
0.0,2.36
0.0,7.72
0.0,2.25
0.0,2.36
0.0,7.72
0.0,2.25
0.0,2.36
0.0,7.72
0.0,7.66
0.0,2.36
0.0,7.72
0.0,7.66
0.0,2.36
0.0,7.72
0.0,7.66
0.0,2.36
0.0,7.72
0.0,5.0
0.0,5.0
0.0,5.0
0.0,5.0
0.0,5.0
0.0,5.0
0.0,5.0
0.0,5.0
0.0,5.0
0.0,5.0
0.0,5.0
0.0,5.0
0.0,5.0
0.0,5.0
0.0,5.0
0.0,5.0
0.0,5.0
0.0,5.0
0.0,5.0
0.0,5.0
0.0,5.0
0.0,5.0
0.0,5.0
0.0,5.0
0.0,5.0
0.0,5.0
0.0,5.0
0.0,5.0
0.0,5.0
0.0,5.0
0.0,5.0
0.0,5.0
0.0,5.0
0.0,5.0
0.0,5.0
0.0,5.0
0.0,5.0
0.0,5.0
0.0,5.0
0.0,5.0
0.0,5.0
0.0,5.0
0.0,5.0
0.0,5.0
0.0,5.0
0.0,5.0
0.0,5.0
0.0,5.0
0.0,5.0
0.0,5.0
0.0,5.0
0.0,5.0
0.0,5.0
0.0,5.0
0.0,5.0
0.0,5.0
0.0,5.0
0.0,5.0
0.0,5.0
0.0,5.0
0.0,5.0
0.0,5.0
0.0,5.0
0.0,5.0
0.0,5.0
0.0,5.0
0.0,5.0
0.0,5.0
0.0,5.0
0.0,5.0
0.0,5.0
0.0,5.0
0.0,5.0
0.0,5.0
0.0,5.0
0.0,5.0
0.0,5.0
0.0,5.0
0.0,5.0
0.0,5.0
0.0,5.0
0.0,2.04
0.0,2.04
0.0,2.04
0.0,2.4
0.0,2.4
0.0,2.4
0.0,2.36
0.0,2.36
0.0,2.36
0.0,2.36
0.0,2.36
0.0,2.36
0.0,2.4
0.0,2.4
0.0,2.4
0.0,2.36
0.0,2.36
0.0,2.36
0.0,2.28
0.0,2.28
0.0,2.28
0.0,2.4
0.0,2.4
0.0,2.4
0.0,2.36
0.0,2.36
0.0,2.36
0.0,3.35
0.0,3.35
0.0,3.35
0.0,3.35
0.0,3.35
0.0,3.35
0.0,3.35
0.0,3.35
0.0,3.35
0.0,3.35
0.0,3.35
0.0,3.35
0.0,3.35
0.0,3.35
0.0,3.35
0.0,3.35
0.0,3.35
0.0,3.35
0.0,3.35
0.0,3.35
0.0,3.35
0.0,3.35
0.0,3.35
0.0,3.35
0.0,3.35
0.0,3.35
0.0,3.35
0.0,7.78
0.0,7.78
0.0,7.78
0.0,7.78
0.0,7.78
0.0,7.78
0.0,7.78
0.0,7.78
0.0,7.78
0.0,7.78
0.0,7.78
0.0,7.78
0.0,7.78
0.0,7.78
0.0,7.78
0.0,7.78
0.0,7.78
0.0,7.78
0.0,7.78
0.0,7.78
0.0,7.78
0.0,7.78
0.0,7.78
0.0,7.78
0.0,7.78
0.0,7.78
0.0,7.78
0.0,2.03
0.0,7.75
0.0,2.04
0.0,2.03
0.0,7.75
0.0,7.58
0.0,2.03
0.0,7.75
0.0,2.36
0.0,7.69
0.0,7.75
0.0,7.52
0.0,7.69
0.0,7.75
0.0,7.58
0.0,7.69
0.0,7.75
0.0,2.36
0.0,2.25
0.0,7.75
0.0,2.28
0.0,7.52
0.0,7.75
0.0,7.58
0.0,2.33
0.0,7.75
0.0,2.36
0.0,2.03
0.0,7.75
0.0,3.0
0.0,2.03
0.0,7.75
0.0,3.0
0.0,2.03
0.0,7.75
0.0,3.0
0.0,7.69
0.0,7.75
0.0,3.0
0.0,7.69
0.0,7.75
0.0,3.0
0.0,7.69
0.0,7.75
0.0,3.0
0.0,2.8
0.0,7.75
0.0,3.0
0.0,2.8
0.0,7.75
0.0,3.0
0.0,2.8
0.0,7.75
0.0,3.0
0.0,2.03
0.0,7.75
0.0,7.72
0.0,2.03
0.0,7.75
0.0,7.72
0.0,2.03
0.0,7.75
0.0,7.72
0.0,7.69
0.0,7.75
0.0,7.72
0.0,7.69
0.0,7.75
0.0,7.72
0.0,7.69
0.0,7.75
0.0,7.72
0.0,7.66
0.0,7.75
0.0,7.72
0.0,7.66
0.0,7.75
0.0,7.72
0.0,7.66
0.0,7.75
0.0,7.72
0.0,5.0
0.0,5.0
0.0,5.0
0.0,5.0
0.0,5.0
0.0,5.0
0.0,5.0
0.0,5.0
0.0,5.0
0.0,5.0
0.0,5.0
0.0,5.0
0.0,5.0
0.0,5.0
0.0,5.0
0.0,5.0
0.0,5.0
0.0,5.0
0.0,5.0
0.0,5.0
0.0,5.0
0.0,5.0
0.0,5.0
0.0,5.0
0.0,5.0
0.0,5.0
0.0,5.0
0.0,5.0
0.0,5.0
0.0,5.0
0.0,5.0
0.0,5.0
0.0,5.0
0.0,5.0
0.0,5.0
0.0,5.0
0.0,5.0
0.0,5.0
0.0,5.0
0.0,5.0
0.0,5.0
0.0,5.0
0.0,5.0
0.0,5.0
0.0,5.0
0.0,5.0
0.0,5.0
0.0,5.0
0.0,5.0
0.0,5.0
0.0,5.0
0.0,5.0
0.0,5.0
0.0,5.0
0.0,5.0
0.0,5.0
0.0,5.0
0.0,5.0
0.0,5.0
0.0,5.0
0.0,5.0
0.0,5.0
0.0,5.0
0.0,5.0
0.0,5.0
0.0,5.0
0.0,5.0
0.0,5.0
0.0,5.0
0.0,5.0
0.0,5.0
0.0,5.0
0.0,5.0
0.0,5.0
0.0,5.0
0.0,5.0
0.0,5.0
0.0,5.0
0.0,5.0
0.0,5.0
0.0,5.0
0.0,2.04
0.0,2.04
0.0,2.04
0.0,7.64
0.0,7.64
0.0,7.64
0.0,2.36
0.0,2.36
0.0,2.36
0.0,7.58
0.0,7.58
0.0,7.58
0.0,7.64
0.0,7.64
0.0,7.64
0.0,2.36
0.0,2.36
0.0,2.36
0.0,2.28
0.0,2.28
0.0,2.28
0.0,7.64
0.0,7.64
0.0,7.64
0.0,2.36
0.0,2.36
0.0,2.36
0.0,3.35
0.0,3.35
0.0,3.35
0.0,3.35
0.0,3.35
0.0,3.35
0.0,3.35
0.0,3.35
0.0,3.35
0.0,3.35
0.0,3.35
0.0,3.35
0.0,3.35
0.0,3.35
0.0,3.35
0.0,3.35
0.0,3.35
0.0,3.35
0.0,3.35
0.0,3.35
0.0,3.35
0.0,3.35
0.0,3.35
0.0,3.35
0.0,3.35
0.0,3.35
0.0,3.35
0.0,7.78
0.0,7.78
0.0,7.78
0.0,7.78
0.0,7.78
0.0,7.78
0.0,7.78
0.0,7.78
0.0,7.78
0.0,7.78
0.0,7.78
0.0,7.78
0.0,7.78
0.0,7.78
0.0,7.78
0.0,7.78
0.0,7.78
0.0,7.78
0.0,7.78
0.0,7.78
0.0,7.78
0.0,7.78
0.0,7.78
0.0,7.78
0.0,7.78
0.0,7.78
0.0,7.78
1.98,2.03
1.98,2.01
1.98,3.35
1.98,2.03
1.98,1.05
1.98,3.35
1.98,2.03
1.98,2.37
1.98,3.35
1.0,1.37
1.0,1.37
1.0,3.35
1.0,1.05
1.0,1.05
1.0,3.35
1.0,2.33
1.0,2.37
1.0,3.35
0.02,2.97
0.02,2.33
0.02,3.35
0.02,2.97
0.02,1.05
0.02,3.35
0.02,2.97
0.02,2.37
0.02,3.35
1.98,2.03
1.98,2.01
1.98,3.35
1.98,2.03
1.98,1.05
1.98,3.35
1.98,2.03
1.98,2.37
1.98,3.35
1.0,1.37
1.0,1.37
1.0,3.35
1.0,1.05
1.0,1.05
1.0,3.35
1.0,2.33
1.0,2.37
1.0,3.35
0.02,2.97
0.02,2.33
0.02,3.35
0.02,2.97
0.02,1.05
0.02,3.35
0.02,2.97
0.02,2.37
0.02,3.35
1.98,2.03
1.98,2.01
1.98,3.35
1.98,2.03
1.98,1.05
1.98,3.35
1.98,2.03
1.98,2.37
1.98,3.35
1.0,1.37
1.0,1.37
1.0,3.35
1.0,1.05
1.0,1.05
1.0,3.35
1.0,2.33
1.0,2.37
1.0,3.35
0.02,2.97
0.02,2.33
0.02,3.35
0.02,2.97
0.02,1.05
0.02,3.35
0.02,2.97
0.02,2.37
0.02,3.35
1.98,5.0
1.98,5.0
1.98,5.0
1.98,5.0
1.98,5.0
1.98,5.0
1.98,5.0
1.98,5.0
1.98,5.0
1.0,5.0
1.0,5.0
1.0,5.0
1.0,5.0
1.0,5.0
1.0,5.0
1.0,5.0
1.0,5.0
1.0,5.0
0.02,5.0
0.02,5.0
0.02,5.0
0.02,5.0
0.02,5.0
0.02,5.0
0.02,5.0
0.02,5.0
0.02,5.0
1.98,5.0
1.98,5.0
1.98,5.0
1.98,5.0
1.98,5.0
1.98,5.0
1.98,5.0
1.98,5.0
1.98,5.0
1.0,5.0
1.0,5.0
1.0,5.0
1.0,5.0
1.0,5.0
1.0,5.0
1.0,5.0
1.0,5.0
1.0,5.0
0.02,5.0
0.02,5.0
0.02,5.0
0.02,5.0
0.02,5.0
0.02,5.0
0.02,5.0
0.02,5.0
0.02,5.0
1.98,5.0
1.98,5.0
1.98,5.0
1.98,5.0
1.98,5.0
1.98,5.0
1.98,5.0
1.98,5.0
1.98,5.0
1.0,5.0
1.0,5.0
1.0,5.0
1.0,5.0
1.0,5.0
1.0,5.0
1.0,5.0
1.0,5.0
1.0,5.0
0.02,5.0
0.02,5.0
0.02,5.0
0.02,5.0
0.02,5.0
0.02,5.0
0.02,5.0
0.02,5.0
0.02,5.0
1.98,2.07
1.98,2.05
1.98,3.35
1.98,2.07
1.98,1.11
1.98,3.35
1.98,2.07
1.98,2.43
1.98,3.35
1.0,1.43
1.0,1.43
1.0,3.35
1.0,1.11
1.0,1.11
1.0,3.35
1.0,2.39
1.0,2.43
1.0,3.35
0.02,3.03
0.02,2.39
0.02,3.35
0.02,3.03
0.02,1.11
0.02,3.35
0.02,3.03
0.02,2.43
0.02,3.35
1.98,2.07
1.98,2.05
1.98,3.35
1.98,2.07
1.98,1.11
1.98,3.35
1.98,2.07
1.98,2.43
1.98,3.35
1.0,1.43
1.0,1.43
1.0,3.35
1.0,1.11
1.0,1.11
1.0,3.35
1.0,2.39
1.0,2.43
1.0,3.35
0.02,3.03
0.02,2.39
0.02,3.35
0.02,3.03
0.02,1.11
0.02,3.35
0.02,3.03
0.02,2.43
0.02,3.35
1.98,2.07
1.98,2.05
1.98,3.35
1.98,2.07
1.98,1.11
1.98,3.35
1.98,2.07
1.98,2.43
1.98,3.35
1.0,1.43
1.0,1.43
1.0,3.35
1.0,1.11
1.0,1.11
1.0,3.35
1.0,2.39
1.0,2.43
1.0,3.35
0.02,3.03
0.02,2.39
0.02,3.35
0.02,3.03
0.02,1.11
0.02,3.35
0.02,3.03
0.02,2.43
0.02,3.35
0.0,2.03
0.0,2.36
0.0,3.35
0.0,2.03
0.0,2.36
0.0,3.35
0.0,2.03
0.0,2.36
0.0,3.35
0.0,2.25
0.0,2.36
0.0,3.35
0.0,2.25
0.0,2.36
0.0,3.35
0.0,2.25
0.0,2.36
0.0,3.35
0.0,2.97
0.0,2.36
0.0,3.35
0.0,2.97
0.0,2.36
0.0,3.35
0.0,2.97
0.0,2.36
0.0,3.35
0.0,2.03
0.0,2.36
0.0,3.35
0.0,2.03
0.0,2.36
0.0,3.35
0.0,2.03
0.0,2.36
0.0,3.35
0.0,2.25
0.0,2.36
0.0,3.35
0.0,2.25
0.0,2.36
0.0,3.35
0.0,2.25
0.0,2.36
0.0,3.35
0.0,2.97
0.0,2.36
0.0,3.35
0.0,2.97
0.0,2.36
0.0,3.35
0.0,2.97
0.0,2.36
0.0,3.35
0.0,2.03
0.0,2.36
0.0,3.35
0.0,2.03
0.0,2.36
0.0,3.35
0.0,2.03
0.0,2.36
0.0,3.35
0.0,2.25
0.0,2.36
0.0,3.35
0.0,2.25
0.0,2.36
0.0,3.35
0.0,2.25
0.0,2.36
0.0,3.35
0.0,2.97
0.0,2.36
0.0,3.35
0.0,2.97
0.0,2.36
0.0,3.35
0.0,2.97
0.0,2.36
0.0,3.35
0.0,5.0
0.0,5.0
0.0,5.0
0.0,5.0
0.0,5.0
0.0,5.0
0.0,5.0
0.0,5.0
0.0,5.0
0.0,5.0
0.0,5.0
0.0,5.0
0.0,5.0
0.0,5.0
0.0,5.0
0.0,5.0
0.0,5.0
0.0,5.0
0.0,5.0
0.0,5.0
0.0,5.0
0.0,5.0
0.0,5.0
0.0,5.0
0.0,5.0
0.0,5.0
0.0,5.0
0.0,5.0
0.0,5.0
0.0,5.0
0.0,5.0
0.0,5.0
0.0,5.0
0.0,5.0
0.0,5.0
0.0,5.0
0.0,5.0
0.0,5.0
0.0,5.0
0.0,5.0
0.0,5.0
0.0,5.0
0.0,5.0
0.0,5.0
0.0,5.0
0.0,5.0
0.0,5.0
0.0,5.0
0.0,5.0
0.0,5.0
0.0,5.0
0.0,5.0
0.0,5.0
0.0,5.0
0.0,5.0
0.0,5.0
0.0,5.0
0.0,5.0
0.0,5.0
0.0,5.0
0.0,5.0
0.0,5.0
0.0,5.0
0.0,5.0
0.0,5.0
0.0,5.0
0.0,5.0
0.0,5.0
0.0,5.0
0.0,5.0
0.0,5.0
0.0,5.0
0.0,5.0
0.0,5.0
0.0,5.0
0.0,5.0
0.0,5.0
0.0,5.0
0.0,5.0
0.0,5.0
0.0,5.0
0.0,2.07
0.0,3.0
0.0,3.35
0.0,2.07
0.0,3.0
0.0,3.35
0.0,2.07
0.0,3.0
0.0,3.35
0.0,2.87
0.0,3.0
0.0,3.35
0.0,2.87
0.0,3.0
0.0,3.35
0.0,2.87
0.0,3.0
0.0,3.35
0.0,3.03
0.0,3.0
0.0,3.35
0.0,3.03
0.0,3.0
0.0,3.35
0.0,3.03
0.0,3.0
0.0,3.35
0.0,2.07
0.0,3.0
0.0,3.35
0.0,2.07
0.0,3.0
0.0,3.35
0.0,2.07
0.0,3.0
0.0,3.35
0.0,2.87
0.0,3.0
0.0,3.35
0.0,2.87
0.0,3.0
0.0,3.35
0.0,2.87
0.0,3.0
0.0,3.35
0.0,3.03
0.0,3.0
0.0,3.35
0.0,3.03
0.0,3.0
0.0,3.35
0.0,3.03
0.0,3.0
0.0,3.35
0.0,2.07
0.0,3.0
0.0,3.35
0.0,2.07
0.0,3.0
0.0,3.35
0.0,2.07
0.0,3.0
0.0,3.35
0.0,2.87
0.0,3.0
0.0,3.35
0.0,2.87
0.0,3.0
0.0,3.35
0.0,2.87
0.0,3.0
0.0,3.35
0.0,3.03
0.0,3.0
0.0,3.35
0.0,3.03
0.0,3.0
0.0,3.35
0.0,3.03
0.0,3.0
0.0,3.35
0.0,2.03
0.0,0.71
0.0,3.35
0.0,2.03
0.0,0.71
0.0,3.35
0.0,2.03
0.0,0.71
0.0,3.35
0.0,1.05
0.0,0.71
0.0,3.35
0.0,1.05
0.0,0.71
0.0,3.35
0.0,1.05
0.0,0.71
0.0,3.35
0.0,2.97
0.0,0.71
0.0,3.35
0.0,2.97
0.0,0.71
0.0,3.35
0.0,2.97
0.0,0.71
0.0,3.35
0.0,2.03
0.0,0.71
0.0,3.35
0.0,2.03
0.0,0.71
0.0,3.35
0.0,2.03
0.0,0.71
0.0,3.35
0.0,1.05
0.0,0.71
0.0,3.35
0.0,1.05
0.0,0.71
0.0,3.35
0.0,1.05
0.0,0.71
0.0,3.35
0.0,2.97
0.0,0.71
0.0,3.35
0.0,2.97
0.0,0.71
0.0,3.35
0.0,2.97
0.0,0.71
0.0,3.35
0.0,2.03
0.0,0.71
0.0,3.35
0.0,2.03
0.0,0.71
0.0,3.35
0.0,2.03
0.0,0.71
0.0,3.35
0.0,1.05
0.0,0.71
0.0,3.35
0.0,1.05
0.0,0.71
0.0,3.35
0.0,1.05
0.0,0.71
0.0,3.35
0.0,2.97
0.0,0.71
0.0,3.35
0.0,2.97
0.0,0.71
0.0,3.35
0.0,2.97
0.0,0.71
0.0,3.35
0.0,5.0
0.0,5.0
0.0,5.0
0.0,5.0
0.0,5.0
0.0,5.0
0.0,5.0
0.0,5.0
0.0,5.0
0.0,5.0
0.0,5.0
0.0,5.0
0.0,5.0
0.0,5.0
0.0,5.0
0.0,5.0
0.0,5.0
0.0,5.0
0.0,5.0
0.0,5.0
0.0,5.0
0.0,5.0
0.0,5.0
0.0,5.0
0.0,5.0
0.0,5.0
0.0,5.0
0.0,5.0
0.0,5.0
0.0,5.0
0.0,5.0
0.0,5.0
0.0,5.0
0.0,5.0
0.0,5.0
0.0,5.0
0.0,5.0
0.0,5.0
0.0,5.0
0.0,5.0
0.0,5.0
0.0,5.0
0.0,5.0
0.0,5.0
0.0,5.0
0.0,5.0
0.0,5.0
0.0,5.0
0.0,5.0
0.0,5.0
0.0,5.0
0.0,5.0
0.0,5.0
0.0,5.0
0.0,5.0
0.0,5.0
0.0,5.0
0.0,5.0
0.0,5.0
0.0,5.0
0.0,5.0
0.0,5.0
0.0,5.0
0.0,5.0
0.0,5.0
0.0,5.0
0.0,5.0
0.0,5.0
0.0,5.0
0.0,5.0
0.0,5.0
0.0,5.0
0.0,5.0
0.0,5.0
0.0,5.0
0.0,5.0
0.0,5.0
0.0,5.0
0.0,5.0
0.0,5.0
0.0,5.0
0.0,2.07
0.0,0.79
0.0,3.35
0.0,2.07
0.0,0.79
0.0,3.35
0.0,2.07
0.0,0.79
0.0,3.35
0.0,1.11
0.0,0.79
0.0,3.35
0.0,1.11
0.0,0.79
0.0,3.35
0.0,1.11
0.0,0.79
0.0,3.35
0.0,3.03
0.0,0.79
0.0,3.35
0.0,3.03
0.0,0.79
0.0,3.35
0.0,3.03
0.0,0.79
0.0,3.35
0.0,2.07
0.0,0.79
0.0,3.35
0.0,2.07
0.0,0.79
0.0,3.35
0.0,2.07
0.0,0.79
0.0,3.35
0.0,1.11
0.0,0.79
0.0,3.35
0.0,1.11
0.0,0.79
0.0,3.35
0.0,1.11
0.0,0.79
0.0,3.35
0.0,3.03
0.0,0.79
0.0,3.35
0.0,3.03
0.0,0.79
0.0,3.35
0.0,3.03
0.0,0.79
0.0,3.35
0.0,2.07
0.0,0.79
0.0,3.35
0.0,2.07
0.0,0.79
0.0,3.35
0.0,2.07
0.0,0.79
0.0,3.35
0.0,1.11
0.0,0.79
0.0,3.35
0.0,1.11
0.0,0.79
0.0,3.35
0.0,1.11
0.0,0.79
0.0,3.35
0.0,3.03
0.0,0.79
0.0,3.35
0.0,3.03
0.0,0.79
0.0,3.35
0.0,3.03
0.0,0.79
0.0,3.35
1.98,2.03
1.98,2.01
1.98,2.1
1.98,2.03
1.98,1.05
1.98,1.16
1.98,2.03
1.98,3.69
1.98,3.75
1.0,1.37
1.0,1.37
1.0,1.48
1.0,1.05
1.0,1.05
1.0,1.16
1.0,3.69
1.0,3.69
1.0,3.75
0.02,3.4
0.02,3.34
0.02,3.43
0.02,1.16
0.02,1.05
0.02,1.16
0.02,3.69
0.02,3.69
0.02,3.75
1.98,2.03
1.98,2.01
1.98,4.0
1.98,2.03
1.98,1.05
1.98,4.0
1.98,2.03
1.98,3.15
1.98,4.0
1.0,1.37
1.0,1.37
1.0,4.0
1.0,1.05
1.0,1.05
1.0,4.0
1.0,2.97
1.0,3.15
1.0,4.0
0.02,3.61
0.02,2.97
0.02,4.0
0.02,3.61
0.02,1.05
0.02,4.0
0.02,3.61
0.02,3.15
0.02,4.0
1.98,2.03
1.98,2.01
1.98,3.05
1.98,2.03
1.98,1.05
1.98,3.05
1.98,2.03
1.98,2.45
1.98,3.05
1.0,1.37
1.0,1.37
1.0,3.05
1.0,1.05
1.0,1.05
1.0,3.05
1.0,2.37
1.0,2.45
1.0,3.05
0.02,2.81
0.02,2.37
0.02,3.05
0.02,2.81
0.02,1.05
0.02,3.05
0.02,2.81
0.02,2.45
0.02,3.05
1.98,5.0
1.98,5.0
1.98,5.0
1.98,5.0
1.98,5.0
1.98,5.0
1.98,5.0
1.98,5.0
1.98,5.0
1.0,5.0
1.0,5.0
1.0,5.0
1.0,5.0
1.0,5.0
1.0,5.0
1.0,5.0
1.0,5.0
1.0,5.0
0.02,5.0
0.02,5.0
0.02,5.0
0.02,5.0
0.02,5.0
0.02,5.0
0.02,5.0
0.02,5.0
0.02,5.0
1.98,5.0
1.98,5.0
1.98,5.0
1.98,5.0
1.98,5.0
1.98,5.0
1.98,5.0
1.98,5.0
1.98,5.0
1.0,5.0
1.0,5.0
1.0,5.0
1.0,5.0
1.0,5.0
1.0,5.0
1.0,5.0
1.0,5.0
1.0,5.0
0.02,5.0
0.02,5.0
0.02,5.0
0.02,5.0
0.02,5.0
0.02,5.0
0.02,5.0
0.02,5.0
0.02,5.0
1.98,5.0
1.98,5.0
1.98,5.0
1.98,5.0
1.98,5.0
1.98,5.0
1.98,5.0
1.98,5.0
1.98,5.0
1.0,5.0
1.0,5.0
1.0,5.0
1.0,5.0
1.0,5.0
1.0,5.0
1.0,5.0
1.0,5.0
1.0,5.0
0.02,5.0
0.02,5.0
0.02,5.0
0.02,5.0
0.02,5.0
0.02,5.0
0.02,5.0
0.02,5.0
0.02,5.0
1.98,2.1
1.98,2.1
1.98,2.1
1.98,1.14
1.98,1.14
1.98,1.14
1.98,3.78
1.98,3.78
1.98,3.78
1.0,1.46
1.0,1.46
1.0,1.46
1.0,1.14
1.0,1.14
1.0,1.14
1.0,3.78
1.0,3.78
1.0,3.78
0.02,3.43
0.02,3.43
0.02,3.43
0.02,1.14
0.02,1.14
0.02,1.14
0.02,3.78
0.02,3.78
0.02,3.78
1.98,4.5
1.98,4.5
1.98,4.5
1.98,4.5
1.98,4.5
1.98,4.5
1.98,4.5
1.98,4.5
1.98,4.5
1.0,4.5
1.0,4.5
1.0,4.5
1.0,4.5
1.0,4.5
1.0,4.5
1.0,4.5
1.0,4.5
1.0,4.5
0.02,4.5
0.02,4.5
0.02,4.5
0.02,4.5
0.02,4.5
0.02,4.5
0.02,4.5
0.02,4.5
0.02,4.5
1.98,2.08
1.98,2.06
1.98,3.03
1.98,2.08
1.98,1.14
1.98,3.03
1.98,2.08
1.98,2.43
1.98,3.03
1.0,1.46
1.0,1.44
1.0,3.03
1.0,1.14
1.0,1.14
1.0,3.03
1.0,2.46
1.0,2.43
1.0,3.03
0.02,2.9
0.02,2.46
0.02,3.03
0.02,2.9
0.02,1.14
0.02,3.03
0.02,2.9
0.02,2.43
0.02,3.03
0.0,2.03
0.0,2.36
0.0,2.1
0.0,2.03
0.0,2.36
0.0,3.15
0.0,2.03
0.0,2.36
0.0,3.75
0.0,2.25
0.0,2.36
0.0,3.03
0.0,2.25
0.0,2.36
0.0,3.15
0.0,2.25
0.0,2.36
0.0,3.75
0.0,3.4
0.0,2.36
0.0,3.43
0.0,2.97
0.0,2.36
0.0,3.15
0.0,3.69
0.0,2.36
0.0,3.75
0.0,2.03
0.0,2.36
0.0,4.0
0.0,2.03
0.0,2.36
0.0,4.0
0.0,2.03
0.0,2.36
0.0,4.0
0.0,2.25
0.0,2.36
0.0,4.0
0.0,2.25
0.0,2.36
0.0,4.0
0.0,2.25
0.0,2.36
0.0,4.0
0.0,3.61
0.0,2.36
0.0,4.0
0.0,3.61
0.0,2.36
0.0,4.0
0.0,3.61
0.0,2.36
0.0,4.0
0.0,2.03
0.0,2.36
0.0,3.05
0.0,2.03
0.0,2.36
0.0,3.05
0.0,2.03
0.0,2.36
0.0,3.05
0.0,2.25
0.0,2.36
0.0,3.05
0.0,2.25
0.0,2.36
0.0,3.05
0.0,2.25
0.0,2.36
0.0,3.05
0.0,2.81
0.0,2.36
0.0,3.05
0.0,2.81
0.0,2.36
0.0,3.05
0.0,2.81
0.0,2.36
0.0,3.05
0.0,5.0
0.0,5.0
0.0,5.0
0.0,5.0
0.0,5.0
0.0,5.0
0.0,5.0
0.0,5.0
0.0,5.0
0.0,5.0
0.0,5.0
0.0,5.0
0.0,5.0
0.0,5.0
0.0,5.0
0.0,5.0
0.0,5.0
0.0,5.0
0.0,5.0
0.0,5.0
0.0,5.0
0.0,5.0
0.0,5.0
0.0,5.0
0.0,5.0
0.0,5.0
0.0,5.0
0.0,5.0
0.0,5.0
0.0,5.0
0.0,5.0
0.0,5.0
0.0,5.0
0.0,5.0
0.0,5.0
0.0,5.0
0.0,5.0
0.0,5.0
0.0,5.0
0.0,5.0
0.0,5.0
0.0,5.0
0.0,5.0
0.0,5.0
0.0,5.0
0.0,5.0
0.0,5.0
0.0,5.0
0.0,5.0
0.0,5.0
0.0,5.0
0.0,5.0
0.0,5.0
0.0,5.0
0.0,5.0
0.0,5.0
0.0,5.0
0.0,5.0
0.0,5.0
0.0,5.0
0.0,5.0
0.0,5.0
0.0,5.0
0.0,5.0
0.0,5.0
0.0,5.0
0.0,5.0
0.0,5.0
0.0,5.0
0.0,5.0
0.0,5.0
0.0,5.0
0.0,5.0
0.0,5.0
0.0,5.0
0.0,5.0
0.0,5.0
0.0,5.0
0.0,5.0
0.0,5.0
0.0,5.0
0.0,2.1
0.0,2.1
0.0,2.1
0.0,3.38
0.0,3.38
0.0,3.38
0.0,3.78
0.0,3.78
0.0,3.78
0.0,3.13
0.0,3.13
0.0,3.13
0.0,3.38
0.0,3.38
0.0,3.38
0.0,3.78
0.0,3.78
0.0,3.78
0.0,3.43
0.0,3.43
0.0,3.43
0.0,3.38
0.0,3.38
0.0,3.38
0.0,3.78
0.0,3.78
0.0,3.78
0.0,4.5
0.0,4.5
0.0,4.5
0.0,4.5
0.0,4.5
0.0,4.5
0.0,4.5
0.0,4.5
0.0,4.5
0.0,4.5
0.0,4.5
0.0,4.5
0.0,4.5
0.0,4.5
0.0,4.5
0.0,4.5
0.0,4.5
0.0,4.5
0.0,4.5
0.0,4.5
0.0,4.5
0.0,4.5
0.0,4.5
0.0,4.5
0.0,4.5
0.0,4.5
0.0,4.5
0.0,2.08
0.0,2.85
0.0,3.03
0.0,2.08
0.0,2.85
0.0,3.03
0.0,2.08
0.0,2.85
0.0,3.03
0.0,2.82
0.0,2.85
0.0,3.03
0.0,2.82
0.0,2.85
0.0,3.03
0.0,2.82
0.0,2.85
0.0,3.03
0.0,2.9
0.0,2.85
0.0,3.03
0.0,2.9
0.0,2.85
0.0,3.03
0.0,2.9
0.0,2.85
0.0,3.03
0.0,2.03
0.0,0.71
0.0,2.1
0.0,2.03
0.0,0.71
0.0,2.45
0.0,2.03
0.0,0.71
0.0,3.75
0.0,1.05
0.0,0.71
0.0,2.43
0.0,1.05
0.0,0.71
0.0,2.45
0.0,1.05
0.0,0.71
0.0,3.75
0.0,3.4
0.0,0.71
0.0,3.43
0.0,2.37
0.0,0.71
0.0,2.45
0.0,3.69
0.0,0.71
0.0,3.75
0.0,2.03
0.0,0.71
0.0,4.0
0.0,2.03
0.0,0.71
0.0,4.0
0.0,2.03
0.0,0.71
0.0,4.0
0.0,1.05
0.0,0.71
0.0,4.0
0.0,1.05
0.0,0.71
0.0,4.0
0.0,1.05
0.0,0.71
0.0,4.0
0.0,3.61
0.0,0.71
0.0,4.0
0.0,3.61
0.0,0.71
0.0,4.0
0.0,3.61
0.0,0.71
0.0,4.0
0.0,2.03
0.0,0.71
0.0,3.05
0.0,2.03
0.0,0.71
0.0,3.05
0.0,2.03
0.0,0.71
0.0,3.05
0.0,1.05
0.0,0.71
0.0,3.05
0.0,1.05
0.0,0.71
0.0,3.05
0.0,1.05
0.0,0.71
0.0,3.05
0.0,2.81
0.0,0.71
0.0,3.05
0.0,2.81
0.0,0.71
0.0,3.05
0.0,2.81
0.0,0.71
0.0,3.05
0.0,5.0
0.0,5.0
0.0,5.0
0.0,5.0
0.0,5.0
0.0,5.0
0.0,5.0
0.0,5.0
0.0,5.0
0.0,5.0
0.0,5.0
0.0,5.0
0.0,5.0
0.0,5.0
0.0,5.0
0.0,5.0
0.0,5.0
0.0,5.0
0.0,5.0
0.0,5.0
0.0,5.0
0.0,5.0
0.0,5.0
0.0,5.0
0.0,5.0
0.0,5.0
0.0,5.0
0.0,5.0
0.0,5.0
0.0,5.0
0.0,5.0
0.0,5.0
0.0,5.0
0.0,5.0
0.0,5.0
0.0,5.0
0.0,5.0
0.0,5.0
0.0,5.0
0.0,5.0
0.0,5.0
0.0,5.0
0.0,5.0
0.0,5.0
0.0,5.0
0.0,5.0
0.0,5.0
0.0,5.0
0.0,5.0
0.0,5.0
0.0,5.0
0.0,5.0
0.0,5.0
0.0,5.0
0.0,5.0
0.0,5.0
0.0,5.0
0.0,5.0
0.0,5.0
0.0,5.0
0.0,5.0
0.0,5.0
0.0,5.0
0.0,5.0
0.0,5.0
0.0,5.0
0.0,5.0
0.0,5.0
0.0,5.0
0.0,5.0
0.0,5.0
0.0,5.0
0.0,5.0
0.0,5.0
0.0,5.0
0.0,5.0
0.0,5.0
0.0,5.0
0.0,5.0
0.0,5.0
0.0,5.0
0.0,2.1
0.0,2.1
0.0,2.1
0.0,2.06
0.0,0.82
0.0,2.43
0.0,3.78
0.0,3.78
0.0,3.78
0.0,1.14
0.0,0.84
0.0,2.46
0.0,1.14
0.0,0.82
0.0,2.43
0.0,3.78
0.0,3.78
0.0,3.78
0.0,3.43
0.0,3.43
0.0,3.43
0.0,2.46
0.0,0.82
0.0,2.43
0.0,3.78
0.0,3.78
0.0,3.78
0.0,4.5
0.0,4.5
0.0,4.5
0.0,4.5
0.0,4.5
0.0,4.5
0.0,4.5
0.0,4.5
0.0,4.5
0.0,4.5
0.0,4.5
0.0,4.5
0.0,4.5
0.0,4.5
0.0,4.5
0.0,4.5
0.0,4.5
0.0,4.5
0.0,4.5
0.0,4.5
0.0,4.5
0.0,4.5
0.0,4.5
0.0,4.5
0.0,4.5
0.0,4.5
0.0,4.5
0.0,2.08
0.0,0.82
0.0,3.03
0.0,2.08
0.0,0.82
0.0,3.03
0.0,2.08
0.0,0.82
0.0,3.03
0.0,1.14
0.0,0.82
0.0,3.03
0.0,1.14
0.0,0.82
0.0,3.03
0.0,1.14
0.0,0.82
0.0,3.03
0.0,2.9
0.0,0.82
0.0,3.03
0.0,2.9
0.0,0.82
0.0,3.03
0.0,2.9
0.0,0.82
0.0,3.03
1.98,2.03
1.98,2.01
1.98,7.83
1.98,2.03
1.98,1.05
1.98,7.83
1.98,2.03
1.98,7.69
1.98,7.83
1.0,1.37
1.0,1.37
1.0,7.83
1.0,1.05
1.0,1.05
1.0,7.83
1.0,7.63
1.0,7.69
1.0,7.83
0.02,7.77
0.02,7.63
0.02,7.83
0.02,7.77
0.02,1.05
0.02,7.83
0.02,7.77
0.02,7.69
0.02,7.83
1.98,2.03
1.98,2.01
1.98,7.83
1.98,2.03
1.98,1.05
1.98,7.83
1.98,2.03
1.98,7.69
1.98,7.83
1.0,1.37
1.0,1.37
1.0,7.83
1.0,1.05
1.0,1.05
1.0,7.83
1.0,7.63
1.0,7.69
1.0,7.83
0.02,7.77
0.02,7.63
0.02,7.83
0.02,7.77
0.02,1.05
0.02,7.83
0.02,7.77
0.02,7.69
0.02,7.83
1.98,2.03
1.98,2.01
1.98,7.83
1.98,2.03
1.98,1.05
1.98,7.83
1.98,2.03
1.98,7.69
1.98,7.83
1.0,1.37
1.0,1.37
1.0,7.83
1.0,1.05
1.0,1.05
1.0,7.83
1.0,7.63
1.0,7.69
1.0,7.83
0.02,7.77
0.02,7.63
0.02,7.83
0.02,7.77
0.02,1.05
0.02,7.83
0.02,7.77
0.02,7.69
0.02,7.83
1.98,5.0
1.98,5.0
1.98,5.0
1.98,5.0
1.98,5.0
1.98,5.0
1.98,5.0
1.98,5.0
1.98,5.0
1.0,5.0
1.0,5.0
1.0,5.0
1.0,5.0
1.0,5.0
1.0,5.0
1.0,5.0
1.0,5.0
1.0,5.0
0.02,5.0
0.02,5.0
0.02,5.0
0.02,5.0
0.02,5.0
0.02,5.0
0.02,5.0
0.02,5.0
0.02,5.0
1.98,5.0
1.98,5.0
1.98,5.0
1.98,5.0
1.98,5.0
1.98,5.0
1.98,5.0
1.98,5.0
1.98,5.0
1.0,5.0
1.0,5.0
1.0,5.0
1.0,5.0
1.0,5.0
1.0,5.0
1.0,5.0
1.0,5.0
1.0,5.0
0.02,5.0
0.02,5.0
0.02,5.0
0.02,5.0
0.02,5.0
0.02,5.0
0.02,5.0
0.02,5.0
0.02,5.0
1.98,5.0
1.98,5.0
1.98,5.0
1.98,5.0
1.98,5.0
1.98,5.0
1.98,5.0
1.98,5.0
1.98,5.0
1.0,5.0
1.0,5.0
1.0,5.0
1.0,5.0
1.0,5.0
1.0,5.0
1.0,5.0
1.0,5.0
1.0,5.0
0.02,5.0
0.02,5.0
0.02,5.0
0.02,5.0
0.02,5.0
0.02,5.0
0.02,5.0
0.02,5.0
0.02,5.0
1.98,7.89
1.98,7.89
1.98,7.89
1.98,7.89
1.98,7.89
1.98,7.89
1.98,7.89
1.98,7.89
1.98,7.89
1.0,7.89
1.0,7.89
1.0,7.89
1.0,7.89
1.0,7.89
1.0,7.89
1.0,7.89
1.0,7.89
1.0,7.89
0.02,7.89
0.02,7.89
0.02,7.89
0.02,7.89
0.02,7.89
0.02,7.89
0.02,7.89
0.02,7.89
0.02,7.89
1.98,7.89
1.98,7.89
1.98,7.89
1.98,7.89
1.98,7.89
1.98,7.89
1.98,7.89
1.98,7.89
1.98,7.89
1.0,7.89
1.0,7.89
1.0,7.89
1.0,7.89
1.0,7.89
1.0,7.89
1.0,7.89
1.0,7.89
1.0,7.89
0.02,7.89
0.02,7.89
0.02,7.89
0.02,7.89
0.02,7.89
0.02,7.89
0.02,7.89
0.02,7.89
0.02,7.89
1.98,7.89
1.98,7.89
1.98,7.89
1.98,7.89
1.98,7.89
1.98,7.89
1.98,7.89
1.98,7.89
1.98,7.89
1.0,7.89
1.0,7.89
1.0,7.89
1.0,7.89
1.0,7.89
1.0,7.89
1.0,7.89
1.0,7.89
1.0,7.89
0.02,7.89
0.02,7.89
0.02,7.89
0.02,7.89
0.02,7.89
0.02,7.89
0.02,7.89
0.02,7.89
0.02,7.89
0.0,2.03
0.0,2.36
0.0,7.83
0.0,2.03
0.0,2.36
0.0,7.83
0.0,2.03
0.0,2.36
0.0,7.83
0.0,2.25
0.0,2.36
0.0,7.83
0.0,2.25
0.0,2.36
0.0,7.83
0.0,2.25
0.0,2.36
0.0,7.83
0.0,7.77
0.0,2.36
0.0,7.83
0.0,7.77
0.0,2.36
0.0,7.83
0.0,7.77
0.0,2.36
0.0,7.83
0.0,2.03
0.0,2.36
0.0,7.83
0.0,2.03
0.0,2.36
0.0,7.83
0.0,2.03
0.0,2.36
0.0,7.83
0.0,2.25
0.0,2.36
0.0,7.83
0.0,2.25
0.0,2.36
0.0,7.83
0.0,2.25
0.0,2.36
0.0,7.83
0.0,7.77
0.0,2.36
0.0,7.83
0.0,7.77
0.0,2.36
0.0,7.83
0.0,7.77
0.0,2.36
0.0,7.83
0.0,2.03
0.0,2.36
0.0,7.83
0.0,2.03
0.0,2.36
0.0,7.83
0.0,2.03
0.0,2.36
0.0,7.83
0.0,2.25
0.0,2.36
0.0,7.83
0.0,2.25
0.0,2.36
0.0,7.83
0.0,2.25
0.0,2.36
0.0,7.83
0.0,7.77
0.0,2.36
0.0,7.83
0.0,7.77
0.0,2.36
0.0,7.83
0.0,7.77
0.0,2.36
0.0,7.83
0.0,5.0
0.0,5.0
0.0,5.0
0.0,5.0
0.0,5.0
0.0,5.0
0.0,5.0
0.0,5.0
0.0,5.0
0.0,5.0
0.0,5.0
0.0,5.0
0.0,5.0
0.0,5.0
0.0,5.0
0.0,5.0
0.0,5.0
0.0,5.0
0.0,5.0
0.0,5.0
0.0,5.0
0.0,5.0
0.0,5.0
0.0,5.0
0.0,5.0
0.0,5.0
0.0,5.0
0.0,5.0
0.0,5.0
0.0,5.0
0.0,5.0
0.0,5.0
0.0,5.0
0.0,5.0
0.0,5.0
0.0,5.0
0.0,5.0
0.0,5.0
0.0,5.0
0.0,5.0
0.0,5.0
0.0,5.0
0.0,5.0
0.0,5.0
0.0,5.0
0.0,5.0
0.0,5.0
0.0,5.0
0.0,5.0
0.0,5.0
0.0,5.0
0.0,5.0
0.0,5.0
0.0,5.0
0.0,5.0
0.0,5.0
0.0,5.0
0.0,5.0
0.0,5.0
0.0,5.0
0.0,5.0
0.0,5.0
0.0,5.0
0.0,5.0
0.0,5.0
0.0,5.0
0.0,5.0
0.0,5.0
0.0,5.0
0.0,5.0
0.0,5.0
0.0,5.0
0.0,5.0
0.0,5.0
0.0,5.0
0.0,5.0
0.0,5.0
0.0,5.0
0.0,5.0
0.0,5.0
0.0,5.0
0.0,7.89
0.0,7.89
0.0,7.89
0.0,7.89
0.0,7.89
0.0,7.89
0.0,7.89
0.0,7.89
0.0,7.89
0.0,7.89
0.0,7.89
0.0,7.89
0.0,7.89
0.0,7.89
0.0,7.89
0.0,7.89
0.0,7.89
0.0,7.89
0.0,7.89
0.0,7.89
0.0,7.89
0.0,7.89
0.0,7.89
0.0,7.89
0.0,7.89
0.0,7.89
0.0,7.89
0.0,7.89
0.0,7.89
0.0,7.89
0.0,7.89
0.0,7.89
0.0,7.89
0.0,7.89
0.0,7.89
0.0,7.89
0.0,7.89
0.0,7.89
0.0,7.89
0.0,7.89
0.0,7.89
0.0,7.89
0.0,7.89
0.0,7.89
0.0,7.89
0.0,7.89
0.0,7.89
0.0,7.89
0.0,7.89
0.0,7.89
0.0,7.89
0.0,7.89
0.0,7.89
0.0,7.89
0.0,7.89
0.0,7.89
0.0,7.89
0.0,7.89
0.0,7.89
0.0,7.89
0.0,7.89
0.0,7.89
0.0,7.89
0.0,7.89
0.0,7.89
0.0,7.89
0.0,7.89
0.0,7.89
0.0,7.89
0.0,7.89
0.0,7.89
0.0,7.89
0.0,7.89
0.0,7.89
0.0,7.89
0.0,7.89
0.0,7.89
0.0,7.89
0.0,7.89
0.0,7.89
0.0,7.89
0.0,2.03
0.0,0.71
0.0,7.83
0.0,2.03
0.0,0.71
0.0,7.83
0.0,2.03
0.0,0.71
0.0,7.83
0.0,1.05
0.0,0.71
0.0,7.83
0.0,1.05
0.0,0.71
0.0,7.83
0.0,1.05
0.0,0.71
0.0,7.83
0.0,7.77
0.0,0.71
0.0,7.83
0.0,7.77
0.0,0.71
0.0,7.83
0.0,7.77
0.0,0.71
0.0,7.83
0.0,2.03
0.0,0.71
0.0,7.83
0.0,2.03
0.0,0.71
0.0,7.83
0.0,2.03
0.0,0.71
0.0,7.83
0.0,1.05
0.0,0.71
0.0,7.83
0.0,1.05
0.0,0.71
0.0,7.83
0.0,1.05
0.0,0.71
0.0,7.83
0.0,7.77
0.0,0.71
0.0,7.83
0.0,7.77
0.0,0.71
0.0,7.83
0.0,7.77
0.0,0.71
0.0,7.83
0.0,2.03
0.0,0.71
0.0,7.83
0.0,2.03
0.0,0.71
0.0,7.83
0.0,2.03
0.0,0.71
0.0,7.83
0.0,1.05
0.0,0.71
0.0,7.83
0.0,1.05
0.0,0.71
0.0,7.83
0.0,1.05
0.0,0.71
0.0,7.83
0.0,7.77
0.0,0.71
0.0,7.83
0.0,7.77
0.0,0.71
0.0,7.83
0.0,7.77
0.0,0.71
0.0,7.83
0.0,5.0
0.0,5.0
0.0,5.0
0.0,5.0
0.0,5.0
0.0,5.0
0.0,5.0
0.0,5.0
0.0,5.0
0.0,5.0
0.0,5.0
0.0,5.0
0.0,5.0
0.0,5.0
0.0,5.0
0.0,5.0
0.0,5.0
0.0,5.0
0.0,5.0
0.0,5.0
0.0,5.0
0.0,5.0
0.0,5.0
0.0,5.0
0.0,5.0
0.0,5.0
0.0,5.0
0.0,5.0
0.0,5.0
0.0,5.0
0.0,5.0
0.0,5.0
0.0,5.0
0.0,5.0
0.0,5.0
0.0,5.0
0.0,5.0
0.0,5.0
0.0,5.0
0.0,5.0
0.0,5.0
0.0,5.0
0.0,5.0
0.0,5.0
0.0,5.0
0.0,5.0
0.0,5.0
0.0,5.0
0.0,5.0
0.0,5.0
0.0,5.0
0.0,5.0
0.0,5.0
0.0,5.0
0.0,5.0
0.0,5.0
0.0,5.0
0.0,5.0
0.0,5.0
0.0,5.0
0.0,5.0
0.0,5.0
0.0,5.0
0.0,5.0
0.0,5.0
0.0,5.0
0.0,5.0
0.0,5.0
0.0,5.0
0.0,5.0
0.0,5.0
0.0,5.0
0.0,5.0
0.0,5.0
0.0,5.0
0.0,5.0
0.0,5.0
0.0,5.0
0.0,5.0
0.0,5.0
0.0,5.0
0.0,7.89
0.0,7.89
0.0,7.89
0.0,7.89
0.0,7.89
0.0,7.89
0.0,7.89
0.0,7.89
0.0,7.89
0.0,7.89
0.0,7.89
0.0,7.89
0.0,7.89
0.0,7.89
0.0,7.89
0.0,7.89
0.0,7.89
0.0,7.89
0.0,7.89
0.0,7.89
0.0,7.89
0.0,7.89
0.0,7.89
0.0,7.89
0.0,7.89
0.0,7.89
0.0,7.89
0.0,7.89
0.0,7.89
0.0,7.89
0.0,7.89
0.0,7.89
0.0,7.89
0.0,7.89
0.0,7.89
0.0,7.89
0.0,7.89
0.0,7.89
0.0,7.89
0.0,7.89
0.0,7.89
0.0,7.89
0.0,7.89
0.0,7.89
0.0,7.89
0.0,7.89
0.0,7.89
0.0,7.89
0.0,7.89
0.0,7.89
0.0,7.89
0.0,7.89
0.0,7.89
0.0,7.89
0.0,7.89
0.0,7.89
0.0,7.89
0.0,7.89
0.0,7.89
0.0,7.89
0.0,7.89
0.0,7.89
0.0,7.89
0.0,7.89
0.0,7.89
0.0,7.89
0.0,7.89
0.0,7.89
0.0,7.89
0.0,7.89
0.0,7.89
0.0,7.89
0.0,7.89
0.0,7.89
0.0,7.89
0.0,7.89
0.0,7.89
0.0,7.89
0.0,7.89
0.0,7.89
0.0,7.89
1.98,2.03
1.98,2.01
1.98,3.35
1.98,2.03
1.98,1.05
1.98,3.35
1.98,2.03
1.98,2.37
1.98,3.35
1.0,1.37
1.0,1.37
1.0,3.35
1.0,1.05
1.0,1.05
1.0,3.35
1.0,2.33
1.0,2.37
1.0,3.35
0.02,2.97
0.02,2.33
0.02,3.35
0.02,2.97
0.02,1.05
0.02,3.35
0.02,2.97
0.02,2.37
0.02,3.35
1.98,2.03
1.98,2.01
1.98,3.35
1.98,2.03
1.98,1.05
1.98,3.35
1.98,2.03
1.98,2.37
1.98,3.35
1.0,1.37
1.0,1.37
1.0,3.35
1.0,1.05
1.0,1.05
1.0,3.35
1.0,2.33
1.0,2.37
1.0,3.35
0.02,2.97
0.02,2.33
0.02,3.35
0.02,2.97
0.02,1.05
0.02,3.35
0.02,2.97
0.02,2.37
0.02,3.35
1.98,2.03
1.98,2.01
1.98,3.35
1.98,2.03
1.98,1.05
1.98,3.35
1.98,2.03
1.98,2.37
1.98,3.35
1.0,1.37
1.0,1.37
1.0,3.35
1.0,1.05
1.0,1.05
1.0,3.35
1.0,2.33
1.0,2.37
1.0,3.35
0.02,2.97
0.02,2.33
0.02,3.35
0.02,2.97
0.02,1.05
0.02,3.35
0.02,2.97
0.02,2.37
0.02,3.35
1.98,5.0
1.98,5.0
1.98,5.0
1.98,5.0
1.98,5.0
1.98,5.0
1.98,5.0
1.98,5.0
1.98,5.0
1.0,5.0
1.0,5.0
1.0,5.0
1.0,5.0
1.0,5.0
1.0,5.0
1.0,5.0
1.0,5.0
1.0,5.0
0.02,5.0
0.02,5.0
0.02,5.0
0.02,5.0
0.02,5.0
0.02,5.0
0.02,5.0
0.02,5.0
0.02,5.0
1.98,5.0
1.98,5.0
1.98,5.0
1.98,5.0
1.98,5.0
1.98,5.0
1.98,5.0
1.98,5.0
1.98,5.0
1.0,5.0
1.0,5.0
1.0,5.0
1.0,5.0
1.0,5.0
1.0,5.0
1.0,5.0
1.0,5.0
1.0,5.0
0.02,5.0
0.02,5.0
0.02,5.0
0.02,5.0
0.02,5.0
0.02,5.0
0.02,5.0
0.02,5.0
0.02,5.0
1.98,5.0
1.98,5.0
1.98,5.0
1.98,5.0
1.98,5.0
1.98,5.0
1.98,5.0
1.98,5.0
1.98,5.0
1.0,5.0
1.0,5.0
1.0,5.0
1.0,5.0
1.0,5.0
1.0,5.0
1.0,5.0
1.0,5.0
1.0,5.0
0.02,5.0
0.02,5.0
0.02,5.0
0.02,5.0
0.02,5.0
0.02,5.0
0.02,5.0
0.02,5.0
0.02,5.0
1.98,2.07
1.98,2.05
1.98,3.35
1.98,2.07
1.98,1.11
1.98,3.35
1.98,2.07
1.98,2.43
1.98,3.35
1.0,1.43
1.0,1.43
1.0,3.35
1.0,1.11
1.0,1.11
1.0,3.35
1.0,2.39
1.0,2.43
1.0,3.35
0.02,3.03
0.02,2.39
0.02,3.35
0.02,3.03
0.02,1.11
0.02,3.35
0.02,3.03
0.02,2.43
0.02,3.35
1.98,2.07
1.98,2.05
1.98,3.35
1.98,2.07
1.98,1.11
1.98,3.35
1.98,2.07
1.98,2.43
1.98,3.35
1.0,1.43
1.0,1.43
1.0,3.35
1.0,1.11
1.0,1.11
1.0,3.35
1.0,2.39
1.0,2.43
1.0,3.35
0.02,3.03
0.02,2.39
0.02,3.35
0.02,3.03
0.02,1.11
0.02,3.35
0.02,3.03
0.02,2.43
0.02,3.35
1.98,2.07
1.98,2.05
1.98,3.35
1.98,2.07
1.98,1.11
1.98,3.35
1.98,2.07
1.98,2.43
1.98,3.35
1.0,1.43
1.0,1.43
1.0,3.35
1.0,1.11
1.0,1.11
1.0,3.35
1.0,2.39
1.0,2.43
1.0,3.35
0.02,3.03
0.02,2.39
0.02,3.35
0.02,3.03
0.02,1.11
0.02,3.35
0.02,3.03
0.02,2.43
0.02,3.35
0.0,2.03
0.0,2.36
0.0,3.35
0.0,2.03
0.0,2.36
0.0,3.35
0.0,2.03
0.0,2.36
0.0,3.35
0.0,2.25
0.0,2.36
0.0,3.35
0.0,2.25
0.0,2.36
0.0,3.35
0.0,2.25
0.0,2.36
0.0,3.35
0.0,2.97
0.0,2.36
0.0,3.35
0.0,2.97
0.0,2.36
0.0,3.35
0.0,2.97
0.0,2.36
0.0,3.35
0.0,2.03
0.0,2.36
0.0,3.35
0.0,2.03
0.0,2.36
0.0,3.35
0.0,2.03
0.0,2.36
0.0,3.35
0.0,2.25
0.0,2.36
0.0,3.35
0.0,2.25
0.0,2.36
0.0,3.35
0.0,2.25
0.0,2.36
0.0,3.35
0.0,2.97
0.0,2.36
0.0,3.35
0.0,2.97
0.0,2.36
0.0,3.35
0.0,2.97
0.0,2.36
0.0,3.35
0.0,2.03
0.0,2.36
0.0,3.35
0.0,2.03
0.0,2.36
0.0,3.35
0.0,2.03
0.0,2.36
0.0,3.35
0.0,2.25
0.0,2.36
0.0,3.35
0.0,2.25
0.0,2.36
0.0,3.35
0.0,2.25
0.0,2.36
0.0,3.35
0.0,2.97
0.0,2.36
0.0,3.35
0.0,2.97
0.0,2.36
0.0,3.35
0.0,2.97
0.0,2.36
0.0,3.35
0.0,5.0
0.0,5.0
0.0,5.0
0.0,5.0
0.0,5.0
0.0,5.0
0.0,5.0
0.0,5.0
0.0,5.0
0.0,5.0
0.0,5.0
0.0,5.0
0.0,5.0
0.0,5.0
0.0,5.0
0.0,5.0
0.0,5.0
0.0,5.0
0.0,5.0
0.0,5.0
0.0,5.0
0.0,5.0
0.0,5.0
0.0,5.0
0.0,5.0
0.0,5.0
0.0,5.0
0.0,5.0
0.0,5.0
0.0,5.0
0.0,5.0
0.0,5.0
0.0,5.0
0.0,5.0
0.0,5.0
0.0,5.0
0.0,5.0
0.0,5.0
0.0,5.0
0.0,5.0
0.0,5.0
0.0,5.0
0.0,5.0
0.0,5.0
0.0,5.0
0.0,5.0
0.0,5.0
0.0,5.0
0.0,5.0
0.0,5.0
0.0,5.0
0.0,5.0
0.0,5.0
0.0,5.0
0.0,5.0
0.0,5.0
0.0,5.0
0.0,5.0
0.0,5.0
0.0,5.0
0.0,5.0
0.0,5.0
0.0,5.0
0.0,5.0
0.0,5.0
0.0,5.0
0.0,5.0
0.0,5.0
0.0,5.0
0.0,5.0
0.0,5.0
0.0,5.0
0.0,5.0
0.0,5.0
0.0,5.0
0.0,5.0
0.0,5.0
0.0,5.0
0.0,5.0
0.0,5.0
0.0,5.0
0.0,2.07
0.0,3.0
0.0,3.35
0.0,2.07
0.0,3.0
0.0,3.35
0.0,2.07
0.0,3.0
0.0,3.35
0.0,2.87
0.0,3.0
0.0,3.35
0.0,2.87
0.0,3.0
0.0,3.35
0.0,2.87
0.0,3.0
0.0,3.35
0.0,3.03
0.0,3.0
0.0,3.35
0.0,3.03
0.0,3.0
0.0,3.35
0.0,3.03
0.0,3.0
0.0,3.35
0.0,2.07
0.0,3.0
0.0,3.35
0.0,2.07
0.0,3.0
0.0,3.35
0.0,2.07
0.0,3.0
0.0,3.35
0.0,2.87
0.0,3.0
0.0,3.35
0.0,2.87
0.0,3.0
0.0,3.35
0.0,2.87
0.0,3.0
0.0,3.35
0.0,3.03
0.0,3.0
0.0,3.35
0.0,3.03
0.0,3.0
0.0,3.35
0.0,3.03
0.0,3.0
0.0,3.35
0.0,2.07
0.0,3.0
0.0,3.35
0.0,2.07
0.0,3.0
0.0,3.35
0.0,2.07
0.0,3.0
0.0,3.35
0.0,2.87
0.0,3.0
0.0,3.35
0.0,2.87
0.0,3.0
0.0,3.35
0.0,2.87
0.0,3.0
0.0,3.35
0.0,3.03
0.0,3.0
0.0,3.35
0.0,3.03
0.0,3.0
0.0,3.35
0.0,3.03
0.0,3.0
0.0,3.35
0.0,2.03
0.0,2.02
0.0,3.35
0.0,2.03
0.0,1.75
0.0,3.35
0.0,2.03
0.0,2.45
0.0,3.35
0.0,1.8
0.0,1.83
0.0,3.35
0.0,1.77
0.0,1.75
0.0,3.35
0.0,2.37
0.0,2.45
0.0,3.35
0.0,2.97
0.0,2.35
0.0,3.35
0.0,2.97
0.0,1.75
0.0,3.35
0.0,2.97
0.0,2.45
0.0,3.35
0.0,2.03
0.0,2.4
0.0,3.35
0.0,2.03
0.0,2.4
0.0,3.35
0.0,2.03
0.0,2.4
0.0,3.35
0.0,2.33
0.0,2.4
0.0,3.35
0.0,2.33
0.0,2.4
0.0,3.35
0.0,2.33
0.0,2.4
0.0,3.35
0.0,2.97
0.0,2.4
0.0,3.35
0.0,2.97
0.0,2.4
0.0,3.35
0.0,2.97
0.0,2.4
0.0,3.35
0.0,2.03
0.0,2.47
0.0,3.35
0.0,2.03
0.0,2.47
0.0,3.35
0.0,2.03
0.0,2.47
0.0,3.35
0.0,2.49
0.0,2.47
0.0,3.35
0.0,2.49
0.0,2.47
0.0,3.35
0.0,2.49
0.0,2.47
0.0,3.35
0.0,2.97
0.0,2.47
0.0,3.35
0.0,2.97
0.0,2.47
0.0,3.35
0.0,2.97
0.0,2.47
0.0,3.35
0.0,5.0
0.0,5.0
0.0,5.0
0.0,5.0
0.0,5.0
0.0,5.0
0.0,5.0
0.0,5.0
0.0,5.0
0.0,5.0
0.0,5.0
0.0,5.0
0.0,5.0
0.0,5.0
0.0,5.0
0.0,5.0
0.0,5.0
0.0,5.0
0.0,5.0
0.0,5.0
0.0,5.0
0.0,5.0
0.0,5.0
0.0,5.0
0.0,5.0
0.0,5.0
0.0,5.0
0.0,5.0
0.0,5.0
0.0,5.0
0.0,5.0
0.0,5.0
0.0,5.0
0.0,5.0
0.0,5.0
0.0,5.0
0.0,5.0
0.0,5.0
0.0,5.0
0.0,5.0
0.0,5.0
0.0,5.0
0.0,5.0
0.0,5.0
0.0,5.0
0.0,5.0
0.0,5.0
0.0,5.0
0.0,5.0
0.0,5.0
0.0,5.0
0.0,5.0
0.0,5.0
0.0,5.0
0.0,5.0
0.0,5.0
0.0,5.0
0.0,5.0
0.0,5.0
0.0,5.0
0.0,5.0
0.0,5.0
0.0,5.0
0.0,5.0
0.0,5.0
0.0,5.0
0.0,5.0
0.0,5.0
0.0,5.0
0.0,5.0
0.0,5.0
0.0,5.0
0.0,5.0
0.0,5.0
0.0,5.0
0.0,5.0
0.0,5.0
0.0,5.0
0.0,5.0
0.0,5.0
0.0,5.0
0.0,2.07
0.0,2.06
0.0,3.35
0.0,2.07
0.0,1.83
0.0,3.35
0.0,2.07
0.0,2.43
0.0,3.35
0.0,1.88
0.0,1.86
0.0,3.35
0.0,1.83
0.0,1.83
0.0,3.35
0.0,2.43
0.0,2.43
0.0,3.35
0.0,3.03
0.0,2.43
0.0,3.35
0.0,3.03
0.0,1.83
0.0,3.35
0.0,3.03
0.0,2.43
0.0,3.35
0.0,2.07
0.0,2.85
0.0,3.35
0.0,2.07
0.0,2.85
0.0,3.35
0.0,2.07
0.0,2.85
0.0,3.35
0.0,2.79
0.0,2.85
0.0,3.35
0.0,2.79
0.0,2.85
0.0,3.35
0.0,2.79
0.0,2.85
0.0,3.35
0.0,3.03
0.0,2.85
0.0,3.35
0.0,3.03
0.0,2.85
0.0,3.35
0.0,3.03
0.0,2.85
0.0,3.35
0.0,2.07
0.0,2.5
0.0,3.35
0.0,2.07
0.0,2.5
0.0,3.35
0.0,2.07
0.0,2.5
0.0,3.35
0.0,2.52
0.0,2.5
0.0,3.35
0.0,2.52
0.0,2.5
0.0,3.35
0.0,2.52
0.0,2.5
0.0,3.35
0.0,3.03
0.0,2.5
0.0,3.35
0.0,3.03
0.0,2.5
0.0,3.35
0.0,3.03
0.0,2.5
0.0,3.35
1.98,2.03
1.98,2.01
1.98,2.1
1.98,2.03
1.98,1.05
1.98,1.16
1.98,2.03
1.98,3.69
1.98,3.75
1.0,1.37
1.0,1.37
1.0,1.48
1.0,1.05
1.0,1.05
1.0,1.16
1.0,3.69
1.0,3.69
1.0,3.75
0.02,3.4
0.02,3.34
0.02,3.43
0.02,1.16
0.02,1.05
0.02,1.16
0.02,3.69
0.02,3.69
0.02,3.75
1.98,2.03
1.98,2.01
1.98,4.0
1.98,2.03
1.98,1.05
1.98,4.0
1.98,2.03
1.98,3.15
1.98,4.0
1.0,1.37
1.0,1.37
1.0,4.0
1.0,1.05
1.0,1.05
1.0,4.0
1.0,2.97
1.0,3.15
1.0,4.0
0.02,3.61
0.02,2.97
0.02,4.0
0.02,3.61
0.02,1.05
0.02,4.0
0.02,3.61
0.02,3.15
0.02,4.0
1.98,2.03
1.98,2.01
1.98,2.55
1.98,2.03
1.98,1.05
1.98,2.55
1.98,2.03
1.98,2.52
1.98,2.55
1.0,1.37
1.0,1.37
1.0,2.55
1.0,1.05
1.0,1.05
1.0,2.55
1.0,2.54
1.0,2.52
1.0,2.55
0.02,2.57
0.02,2.54
0.02,2.55
0.02,2.57
0.02,1.05
0.02,2.55
0.02,2.57
0.02,2.52
0.02,2.55
1.98,5.0
1.98,5.0
1.98,5.0
1.98,5.0
1.98,5.0
1.98,5.0
1.98,5.0
1.98,5.0
1.98,5.0
1.0,5.0
1.0,5.0
1.0,5.0
1.0,5.0
1.0,5.0
1.0,5.0
1.0,5.0
1.0,5.0
1.0,5.0
0.02,5.0
0.02,5.0
0.02,5.0
0.02,5.0
0.02,5.0
0.02,5.0
0.02,5.0
0.02,5.0
0.02,5.0
1.98,5.0
1.98,5.0
1.98,5.0
1.98,5.0
1.98,5.0
1.98,5.0
1.98,5.0
1.98,5.0
1.98,5.0
1.0,5.0
1.0,5.0
1.0,5.0
1.0,5.0
1.0,5.0
1.0,5.0
1.0,5.0
1.0,5.0
1.0,5.0
0.02,5.0
0.02,5.0
0.02,5.0
0.02,5.0
0.02,5.0
0.02,5.0
0.02,5.0
0.02,5.0
0.02,5.0
1.98,5.0
1.98,5.0
1.98,5.0
1.98,5.0
1.98,5.0
1.98,5.0
1.98,5.0
1.98,5.0
1.98,5.0
1.0,5.0
1.0,5.0
1.0,5.0
1.0,5.0
1.0,5.0
1.0,5.0
1.0,5.0
1.0,5.0
1.0,5.0
0.02,5.0
0.02,5.0
0.02,5.0
0.02,5.0
0.02,5.0
0.02,5.0
0.02,5.0
0.02,5.0
0.02,5.0
1.98,2.1
1.98,2.1
1.98,2.1
1.98,1.14
1.98,1.14
1.98,1.14
1.98,3.78
1.98,3.78
1.98,3.78
1.0,1.46
1.0,1.46
1.0,1.46
1.0,1.14
1.0,1.14
1.0,1.14
1.0,3.78
1.0,3.78
1.0,3.78
0.02,3.43
0.02,3.43
0.02,3.43
0.02,1.14
0.02,1.14
0.02,1.14
0.02,3.78
0.02,3.78
0.02,3.78
1.98,4.5
1.98,4.5
1.98,4.5
1.98,4.5
1.98,4.5
1.98,4.5
1.98,4.5
1.98,4.5
1.98,4.5
1.0,4.5
1.0,4.5
1.0,4.5
1.0,4.5
1.0,4.5
1.0,4.5
1.0,4.5
1.0,4.5
1.0,4.5
0.02,4.5
0.02,4.5
0.02,4.5
0.02,4.5
0.02,4.5
0.02,4.5
0.02,4.5
0.02,4.5
0.02,4.5
1.98,2.58
1.98,2.58
1.98,2.58
1.98,2.58
1.98,2.58
1.98,2.58
1.98,2.58
1.98,2.58
1.98,2.58
1.0,2.58
1.0,2.58
1.0,2.58
1.0,2.58
1.0,2.58
1.0,2.58
1.0,2.58
1.0,2.58
1.0,2.58
0.02,2.58
0.02,2.58
0.02,2.58
0.02,2.58
0.02,2.58
0.02,2.58
0.02,2.58
0.02,2.58
0.02,2.58
0.0,2.03
0.0,2.36
0.0,2.1
0.0,2.03
0.0,2.36
0.0,3.15
0.0,2.03
0.0,2.36
0.0,3.75
0.0,2.25
0.0,2.36
0.0,3.03
0.0,2.25
0.0,2.36
0.0,3.15
0.0,2.25
0.0,2.36
0.0,3.75
0.0,3.4
0.0,2.36
0.0,3.43
0.0,2.97
0.0,2.36
0.0,3.15
0.0,3.69
0.0,2.36
0.0,3.75
0.0,2.03
0.0,2.36
0.0,4.0
0.0,2.03
0.0,2.36
0.0,4.0
0.0,2.03
0.0,2.36
0.0,4.0
0.0,2.25
0.0,2.36
0.0,4.0
0.0,2.25
0.0,2.36
0.0,4.0
0.0,2.25
0.0,2.36
0.0,4.0
0.0,3.61
0.0,2.36
0.0,4.0
0.0,3.61
0.0,2.36
0.0,4.0
0.0,3.61
0.0,2.36
0.0,4.0
0.0,2.03
0.0,2.36
0.0,2.55
0.0,2.03
0.0,2.36
0.0,2.55
0.0,2.03
0.0,2.36
0.0,2.55
0.0,2.25
0.0,2.36
0.0,2.55
0.0,2.25
0.0,2.36
0.0,2.55
0.0,2.25
0.0,2.36
0.0,2.55
0.0,2.57
0.0,2.36
0.0,2.55
0.0,2.57
0.0,2.36
0.0,2.55
0.0,2.57
0.0,2.36
0.0,2.55
0.0,5.0
0.0,5.0
0.0,5.0
0.0,5.0
0.0,5.0
0.0,5.0
0.0,5.0
0.0,5.0
0.0,5.0
0.0,5.0
0.0,5.0
0.0,5.0
0.0,5.0
0.0,5.0
0.0,5.0
0.0,5.0
0.0,5.0
0.0,5.0
0.0,5.0
0.0,5.0
0.0,5.0
0.0,5.0
0.0,5.0
0.0,5.0
0.0,5.0
0.0,5.0
0.0,5.0
0.0,5.0
0.0,5.0
0.0,5.0
0.0,5.0
0.0,5.0
0.0,5.0
0.0,5.0
0.0,5.0
0.0,5.0
0.0,5.0
0.0,5.0
0.0,5.0
0.0,5.0
0.0,5.0
0.0,5.0
0.0,5.0
0.0,5.0
0.0,5.0
0.0,5.0
0.0,5.0
0.0,5.0
0.0,5.0
0.0,5.0
0.0,5.0
0.0,5.0
0.0,5.0
0.0,5.0
0.0,5.0
0.0,5.0
0.0,5.0
0.0,5.0
0.0,5.0
0.0,5.0
0.0,5.0
0.0,5.0
0.0,5.0
0.0,5.0
0.0,5.0
0.0,5.0
0.0,5.0
0.0,5.0
0.0,5.0
0.0,5.0
0.0,5.0
0.0,5.0
0.0,5.0
0.0,5.0
0.0,5.0
0.0,5.0
0.0,5.0
0.0,5.0
0.0,5.0
0.0,5.0
0.0,5.0
0.0,2.1
0.0,2.1
0.0,2.1
0.0,3.38
0.0,3.38
0.0,3.38
0.0,3.78
0.0,3.78
0.0,3.78
0.0,3.13
0.0,3.13
0.0,3.13
0.0,3.38
0.0,3.38
0.0,3.38
0.0,3.78
0.0,3.78
0.0,3.78
0.0,3.43
0.0,3.43
0.0,3.43
0.0,3.38
0.0,3.38
0.0,3.38
0.0,3.78
0.0,3.78
0.0,3.78
0.0,4.5
0.0,4.5
0.0,4.5
0.0,4.5
0.0,4.5
0.0,4.5
0.0,4.5
0.0,4.5
0.0,4.5
0.0,4.5
0.0,4.5
0.0,4.5
0.0,4.5
0.0,4.5
0.0,4.5
0.0,4.5
0.0,4.5
0.0,4.5
0.0,4.5
0.0,4.5
0.0,4.5
0.0,4.5
0.0,4.5
0.0,4.5
0.0,4.5
0.0,4.5
0.0,4.5
0.0,2.58
0.0,2.58
0.0,2.58
0.0,2.58
0.0,2.58
0.0,2.58
0.0,2.58
0.0,2.58
0.0,2.58
0.0,2.58
0.0,2.58
0.0,2.58
0.0,2.58
0.0,2.58
0.0,2.58
0.0,2.58
0.0,2.58
0.0,2.58
0.0,2.58
0.0,2.58
0.0,2.58
0.0,2.58
0.0,2.58
0.0,2.58
0.0,2.58
0.0,2.58
0.0,2.58
0.0,2.03
0.0,2.02
0.0,2.1
0.0,2.03
0.0,1.75
0.0,1.83
0.0,2.03
0.0,3.67
0.0,3.75
0.0,1.8
0.0,1.83
0.0,1.91
0.0,1.77
0.0,1.75
0.0,1.83
0.0,3.61
0.0,3.67
0.0,3.75
0.0,3.4
0.0,3.35
0.0,3.43
0.0,1.85
0.0,1.75
0.0,1.83
0.0,3.69
0.0,3.67
0.0,3.75
0.0,2.03
0.0,2.4
0.0,4.0
0.0,2.03
0.0,2.4
0.0,4.0
0.0,2.03
0.0,2.4
0.0,4.0
0.0,2.33
0.0,2.4
0.0,4.0
0.0,2.33
0.0,2.4
0.0,4.0
0.0,2.33
0.0,2.4
0.0,4.0
0.0,3.61
0.0,2.4
0.0,4.0
0.0,3.61
0.0,2.4
0.0,4.0
0.0,3.61
0.0,2.4
0.0,4.0
0.0,2.03
0.0,2.47
0.0,2.55
0.0,2.03
0.0,2.47
0.0,2.55
0.0,2.03
0.0,2.47
0.0,2.55
0.0,2.49
0.0,2.47
0.0,2.55
0.0,2.49
0.0,2.47
0.0,2.55
0.0,2.49
0.0,2.47
0.0,2.55
0.0,2.57
0.0,2.47
0.0,2.55
0.0,2.57
0.0,2.47
0.0,2.55
0.0,2.57
0.0,2.47
0.0,2.55
0.0,5.0
0.0,5.0
0.0,5.0
0.0,5.0
0.0,5.0
0.0,5.0
0.0,5.0
0.0,5.0
0.0,5.0
0.0,5.0
0.0,5.0
0.0,5.0
0.0,5.0
0.0,5.0
0.0,5.0
0.0,5.0
0.0,5.0
0.0,5.0
0.0,5.0
0.0,5.0
0.0,5.0
0.0,5.0
0.0,5.0
0.0,5.0
0.0,5.0
0.0,5.0
0.0,5.0
0.0,5.0
0.0,5.0
0.0,5.0
0.0,5.0
0.0,5.0
0.0,5.0
0.0,5.0
0.0,5.0
0.0,5.0
0.0,5.0
0.0,5.0
0.0,5.0
0.0,5.0
0.0,5.0
0.0,5.0
0.0,5.0
0.0,5.0
0.0,5.0
0.0,5.0
0.0,5.0
0.0,5.0
0.0,5.0
0.0,5.0
0.0,5.0
0.0,5.0
0.0,5.0
0.0,5.0
0.0,5.0
0.0,5.0
0.0,5.0
0.0,5.0
0.0,5.0
0.0,5.0
0.0,5.0
0.0,5.0
0.0,5.0
0.0,5.0
0.0,5.0
0.0,5.0
0.0,5.0
0.0,5.0
0.0,5.0
0.0,5.0
0.0,5.0
0.0,5.0
0.0,5.0
0.0,5.0
0.0,5.0
0.0,5.0
0.0,5.0
0.0,5.0
0.0,5.0
0.0,5.0
0.0,5.0
0.0,2.1
0.0,2.1
0.0,2.1
0.0,1.86
0.0,1.86
0.0,1.86
0.0,3.78
0.0,3.78
0.0,3.78
0.0,1.91
0.0,1.91
0.0,1.91
0.0,1.86
0.0,1.86
0.0,1.86
0.0,3.78
0.0,3.78
0.0,3.78
0.0,3.43
0.0,3.43
0.0,3.43
0.0,1.86
0.0,1.86
0.0,1.86
0.0,3.78
0.0,3.78
0.0,3.78
0.0,4.5
0.0,4.5
0.0,4.5
0.0,4.5
0.0,4.5
0.0,4.5
0.0,4.5
0.0,4.5
0.0,4.5
0.0,4.5
0.0,4.5
0.0,4.5
0.0,4.5
0.0,4.5
0.0,4.5
0.0,4.5
0.0,4.5
0.0,4.5
0.0,4.5
0.0,4.5
0.0,4.5
0.0,4.5
0.0,4.5
0.0,4.5
0.0,4.5
0.0,4.5
0.0,4.5
0.0,2.58
0.0,2.58
0.0,2.58
0.0,2.58
0.0,2.58
0.0,2.58
0.0,2.58
0.0,2.58
0.0,2.58
0.0,2.58
0.0,2.58
0.0,2.58
0.0,2.58
0.0,2.58
0.0,2.58
0.0,2.58
0.0,2.58
0.0,2.58
0.0,2.58
0.0,2.58
0.0,2.58
0.0,2.58
0.0,2.58
0.0,2.58
0.0,2.58
0.0,2.58
0.0,2.58
1.98,2.03
1.98,2.01
1.98,7.83
1.98,2.03
1.98,1.05
1.98,7.83
1.98,2.03
1.98,7.69
1.98,7.83
1.0,1.37
1.0,1.37
1.0,7.83
1.0,1.05
1.0,1.05
1.0,7.83
1.0,7.63
1.0,7.69
1.0,7.83
0.02,7.77
0.02,7.63
0.02,7.83
0.02,7.77
0.02,1.05
0.02,7.83
0.02,7.77
0.02,7.69
0.02,7.83
1.98,2.03
1.98,2.01
1.98,7.83
1.98,2.03
1.98,1.05
1.98,7.83
1.98,2.03
1.98,7.69
1.98,7.83
1.0,1.37
1.0,1.37
1.0,7.83
1.0,1.05
1.0,1.05
1.0,7.83
1.0,7.63
1.0,7.69
1.0,7.83
0.02,7.77
0.02,7.63
0.02,7.83
0.02,7.77
0.02,1.05
0.02,7.83
0.02,7.77
0.02,7.69
0.02,7.83
1.98,2.03
1.98,2.01
1.98,7.83
1.98,2.03
1.98,1.05
1.98,7.83
1.98,2.03
1.98,7.69
1.98,7.83
1.0,1.37
1.0,1.37
1.0,7.83
1.0,1.05
1.0,1.05
1.0,7.83
1.0,7.63
1.0,7.69
1.0,7.83
0.02,7.77
0.02,7.63
0.02,7.83
0.02,7.77
0.02,1.05
0.02,7.83
0.02,7.77
0.02,7.69
0.02,7.83
1.98,5.0
1.98,5.0
1.98,5.0
1.98,5.0
1.98,5.0
1.98,5.0
1.98,5.0
1.98,5.0
1.98,5.0
1.0,5.0
1.0,5.0
1.0,5.0
1.0,5.0
1.0,5.0
1.0,5.0
1.0,5.0
1.0,5.0
1.0,5.0
0.02,5.0
0.02,5.0
0.02,5.0
0.02,5.0
0.02,5.0
0.02,5.0
0.02,5.0
0.02,5.0
0.02,5.0
1.98,5.0
1.98,5.0
1.98,5.0
1.98,5.0
1.98,5.0
1.98,5.0
1.98,5.0
1.98,5.0
1.98,5.0
1.0,5.0
1.0,5.0
1.0,5.0
1.0,5.0
1.0,5.0
1.0,5.0
1.0,5.0
1.0,5.0
1.0,5.0
0.02,5.0
0.02,5.0
0.02,5.0
0.02,5.0
0.02,5.0
0.02,5.0
0.02,5.0
0.02,5.0
0.02,5.0
1.98,5.0
1.98,5.0
1.98,5.0
1.98,5.0
1.98,5.0
1.98,5.0
1.98,5.0
1.98,5.0
1.98,5.0
1.0,5.0
1.0,5.0
1.0,5.0
1.0,5.0
1.0,5.0
1.0,5.0
1.0,5.0
1.0,5.0
1.0,5.0
0.02,5.0
0.02,5.0
0.02,5.0
0.02,5.0
0.02,5.0
0.02,5.0
0.02,5.0
0.02,5.0
0.02,5.0
1.98,7.89
1.98,7.89
1.98,7.89
1.98,7.89
1.98,7.89
1.98,7.89
1.98,7.89
1.98,7.89
1.98,7.89
1.0,7.89
1.0,7.89
1.0,7.89
1.0,7.89
1.0,7.89
1.0,7.89
1.0,7.89
1.0,7.89
1.0,7.89
0.02,7.89
0.02,7.89
0.02,7.89
0.02,7.89
0.02,7.89
0.02,7.89
0.02,7.89
0.02,7.89
0.02,7.89
1.98,7.89
1.98,7.89
1.98,7.89
1.98,7.89
1.98,7.89
1.98,7.89
1.98,7.89
1.98,7.89
1.98,7.89
1.0,7.89
1.0,7.89
1.0,7.89
1.0,7.89
1.0,7.89
1.0,7.89
1.0,7.89
1.0,7.89
1.0,7.89
0.02,7.89
0.02,7.89
0.02,7.89
0.02,7.89
0.02,7.89
0.02,7.89
0.02,7.89
0.02,7.89
0.02,7.89
1.98,7.89
1.98,7.89
1.98,7.89
1.98,7.89
1.98,7.89
1.98,7.89
1.98,7.89
1.98,7.89
1.98,7.89
1.0,7.89
1.0,7.89
1.0,7.89
1.0,7.89
1.0,7.89
1.0,7.89
1.0,7.89
1.0,7.89
1.0,7.89
0.02,7.89
0.02,7.89
0.02,7.89
0.02,7.89
0.02,7.89
0.02,7.89
0.02,7.89
0.02,7.89
0.02,7.89
0.0,2.03
0.0,2.36
0.0,7.83
0.0,2.03
0.0,2.36
0.0,7.83
0.0,2.03
0.0,2.36
0.0,7.83
0.0,2.25
0.0,2.36
0.0,7.83
0.0,2.25
0.0,2.36
0.0,7.83
0.0,2.25
0.0,2.36
0.0,7.83
0.0,7.77
0.0,2.36
0.0,7.83
0.0,7.77
0.0,2.36
0.0,7.83
0.0,7.77
0.0,2.36
0.0,7.83
0.0,2.03
0.0,2.36
0.0,7.83
0.0,2.03
0.0,2.36
0.0,7.83
0.0,2.03
0.0,2.36
0.0,7.83
0.0,2.25
0.0,2.36
0.0,7.83
0.0,2.25
0.0,2.36
0.0,7.83
0.0,2.25
0.0,2.36
0.0,7.83
0.0,7.77
0.0,2.36
0.0,7.83
0.0,7.77
0.0,2.36
0.0,7.83
0.0,7.77
0.0,2.36
0.0,7.83
0.0,2.03
0.0,2.36
0.0,7.83
0.0,2.03
0.0,2.36
0.0,7.83
0.0,2.03
0.0,2.36
0.0,7.83
0.0,2.25
0.0,2.36
0.0,7.83
0.0,2.25
0.0,2.36
0.0,7.83
0.0,2.25
0.0,2.36
0.0,7.83
0.0,7.77
0.0,2.36
0.0,7.83
0.0,7.77
0.0,2.36
0.0,7.83
0.0,7.77
0.0,2.36
0.0,7.83
0.0,5.0
0.0,5.0
0.0,5.0
0.0,5.0
0.0,5.0
0.0,5.0
0.0,5.0
0.0,5.0
0.0,5.0
0.0,5.0
0.0,5.0
0.0,5.0
0.0,5.0
0.0,5.0
0.0,5.0
0.0,5.0
0.0,5.0
0.0,5.0
0.0,5.0
0.0,5.0
0.0,5.0
0.0,5.0
0.0,5.0
0.0,5.0
0.0,5.0
0.0,5.0
0.0,5.0
0.0,5.0
0.0,5.0
0.0,5.0
0.0,5.0
0.0,5.0
0.0,5.0
0.0,5.0
0.0,5.0
0.0,5.0
0.0,5.0
0.0,5.0
0.0,5.0
0.0,5.0
0.0,5.0
0.0,5.0
0.0,5.0
0.0,5.0
0.0,5.0
0.0,5.0
0.0,5.0
0.0,5.0
0.0,5.0
0.0,5.0
0.0,5.0
0.0,5.0
0.0,5.0
0.0,5.0
0.0,5.0
0.0,5.0
0.0,5.0
0.0,5.0
0.0,5.0
0.0,5.0
0.0,5.0
0.0,5.0
0.0,5.0
0.0,5.0
0.0,5.0
0.0,5.0
0.0,5.0
0.0,5.0
0.0,5.0
0.0,5.0
0.0,5.0
0.0,5.0
0.0,5.0
0.0,5.0
0.0,5.0
0.0,5.0
0.0,5.0
0.0,5.0
0.0,5.0
0.0,5.0
0.0,5.0
0.0,7.89
0.0,7.89
0.0,7.89
0.0,7.89
0.0,7.89
0.0,7.89
0.0,7.89
0.0,7.89
0.0,7.89
0.0,7.89
0.0,7.89
0.0,7.89
0.0,7.89
0.0,7.89
0.0,7.89
0.0,7.89
0.0,7.89
0.0,7.89
0.0,7.89
0.0,7.89
0.0,7.89
0.0,7.89
0.0,7.89
0.0,7.89
0.0,7.89
0.0,7.89
0.0,7.89
0.0,7.89
0.0,7.89
0.0,7.89
0.0,7.89
0.0,7.89
0.0,7.89
0.0,7.89
0.0,7.89
0.0,7.89
0.0,7.89
0.0,7.89
0.0,7.89
0.0,7.89
0.0,7.89
0.0,7.89
0.0,7.89
0.0,7.89
0.0,7.89
0.0,7.89
0.0,7.89
0.0,7.89
0.0,7.89
0.0,7.89
0.0,7.89
0.0,7.89
0.0,7.89
0.0,7.89
0.0,7.89
0.0,7.89
0.0,7.89
0.0,7.89
0.0,7.89
0.0,7.89
0.0,7.89
0.0,7.89
0.0,7.89
0.0,7.89
0.0,7.89
0.0,7.89
0.0,7.89
0.0,7.89
0.0,7.89
0.0,7.89
0.0,7.89
0.0,7.89
0.0,7.89
0.0,7.89
0.0,7.89
0.0,7.89
0.0,7.89
0.0,7.89
0.0,7.89
0.0,7.89
0.0,7.89
0.0,2.03
0.0,2.02
0.0,7.83
0.0,2.03
0.0,1.75
0.0,7.83
0.0,2.03
0.0,7.58
0.0,7.83
0.0,1.8
0.0,1.83
0.0,7.83
0.0,1.77
0.0,1.75
0.0,7.83
0.0,7.52
0.0,7.58
0.0,7.83
0.0,7.77
0.0,7.52
0.0,7.83
0.0,7.77
0.0,1.75
0.0,7.83
0.0,7.77
0.0,7.58
0.0,7.83
0.0,2.03
0.0,2.4
0.0,7.83
0.0,2.03
0.0,2.4
0.0,7.83
0.0,2.03
0.0,2.4
0.0,7.83
0.0,2.33
0.0,2.4
0.0,7.83
0.0,2.33
0.0,2.4
0.0,7.83
0.0,2.33
0.0,2.4
0.0,7.83
0.0,7.77
0.0,2.4
0.0,7.83
0.0,7.77
0.0,2.4
0.0,7.83
0.0,7.77
0.0,2.4
0.0,7.83
0.0,2.03
0.0,2.47
0.0,7.83
0.0,2.03
0.0,2.47
0.0,7.83
0.0,2.03
0.0,2.47
0.0,7.83
0.0,2.49
0.0,2.47
0.0,7.83
0.0,2.49
0.0,2.47
0.0,7.83
0.0,2.49
0.0,2.47
0.0,7.83
0.0,7.77
0.0,2.47
0.0,7.83
0.0,7.77
0.0,2.47
0.0,7.83
0.0,7.77
0.0,2.47
0.0,7.83
0.0,5.0
0.0,5.0
0.0,5.0
0.0,5.0
0.0,5.0
0.0,5.0
0.0,5.0
0.0,5.0
0.0,5.0
0.0,5.0
0.0,5.0
0.0,5.0
0.0,5.0
0.0,5.0
0.0,5.0
0.0,5.0
0.0,5.0
0.0,5.0
0.0,5.0
0.0,5.0
0.0,5.0
0.0,5.0
0.0,5.0
0.0,5.0
0.0,5.0
0.0,5.0
0.0,5.0
0.0,5.0
0.0,5.0
0.0,5.0
0.0,5.0
0.0,5.0
0.0,5.0
0.0,5.0
0.0,5.0
0.0,5.0
0.0,5.0
0.0,5.0
0.0,5.0
0.0,5.0
0.0,5.0
0.0,5.0
0.0,5.0
0.0,5.0
0.0,5.0
0.0,5.0
0.0,5.0
0.0,5.0
0.0,5.0
0.0,5.0
0.0,5.0
0.0,5.0
0.0,5.0
0.0,5.0
0.0,5.0
0.0,5.0
0.0,5.0
0.0,5.0
0.0,5.0
0.0,5.0
0.0,5.0
0.0,5.0
0.0,5.0
0.0,5.0
0.0,5.0
0.0,5.0
0.0,5.0
0.0,5.0
0.0,5.0
0.0,5.0
0.0,5.0
0.0,5.0
0.0,5.0
0.0,5.0
0.0,5.0
0.0,5.0
0.0,5.0
0.0,5.0
0.0,5.0
0.0,5.0
0.0,5.0
0.0,7.89
0.0,7.89
0.0,7.89
0.0,7.89
0.0,7.89
0.0,7.89
0.0,7.89
0.0,7.89
0.0,7.89
0.0,7.89
0.0,7.89
0.0,7.89
0.0,7.89
0.0,7.89
0.0,7.89
0.0,7.89
0.0,7.89
0.0,7.89
0.0,7.89
0.0,7.89
0.0,7.89
0.0,7.89
0.0,7.89
0.0,7.89
0.0,7.89
0.0,7.89
0.0,7.89
0.0,7.89
0.0,7.89
0.0,7.89
0.0,7.89
0.0,7.89
0.0,7.89
0.0,7.89
0.0,7.89
0.0,7.89
0.0,7.89
0.0,7.89
0.0,7.89
0.0,7.89
0.0,7.89
0.0,7.89
0.0,7.89
0.0,7.89
0.0,7.89
0.0,7.89
0.0,7.89
0.0,7.89
0.0,7.89
0.0,7.89
0.0,7.89
0.0,7.89
0.0,7.89
0.0,7.89
0.0,7.89
0.0,7.89
0.0,7.89
0.0,7.89
0.0,7.89
0.0,7.89
0.0,7.89
0.0,7.89
0.0,7.89
0.0,7.89
0.0,7.89
0.0,7.89
0.0,7.89
0.0,7.89
0.0,7.89
0.0,7.89
0.0,7.89
0.0,7.89
0.0,7.89
0.0,7.89
0.0,7.89
0.0,7.89
0.0,7.89
0.0,7.89
0.0,7.89
0.0,7.89
0.0,7.89
1.98,2.03
1.98,2.01
1.98,3.35
1.98,2.03
1.98,1.05
1.98,3.35
1.98,2.03
1.98,2.37
1.98,3.35
1.0,1.37
1.0,1.37
1.0,3.35
1.0,1.05
1.0,1.05
1.0,3.35
1.0,2.33
1.0,2.37
1.0,3.35
0.02,2.97
0.02,2.33
0.02,3.35
0.02,2.97
0.02,1.05
0.02,3.35
0.02,2.97
0.02,2.37
0.02,3.35
1.98,2.03
1.98,2.01
1.98,3.35
1.98,2.03
1.98,1.05
1.98,3.35
1.98,2.03
1.98,2.37
1.98,3.35
1.0,1.37
1.0,1.37
1.0,3.35
1.0,1.05
1.0,1.05
1.0,3.35
1.0,2.33
1.0,2.37
1.0,3.35
0.02,2.97
0.02,2.33
0.02,3.35
0.02,2.97
0.02,1.05
0.02,3.35
0.02,2.97
0.02,2.37
0.02,3.35
1.98,2.03
1.98,2.01
1.98,3.35
1.98,2.03
1.98,1.05
1.98,3.35
1.98,2.03
1.98,2.37
1.98,3.35
1.0,1.37
1.0,1.37
1.0,3.35
1.0,1.05
1.0,1.05
1.0,3.35
1.0,2.33
1.0,2.37
1.0,3.35
0.02,2.97
0.02,2.33
0.02,3.35
0.02,2.97
0.02,1.05
0.02,3.35
0.02,2.97
0.02,2.37
0.02,3.35
1.98,5.0
1.98,5.0
1.98,5.0
1.98,5.0
1.98,5.0
1.98,5.0
1.98,5.0
1.98,5.0
1.98,5.0
1.0,5.0
1.0,5.0
1.0,5.0
1.0,5.0
1.0,5.0
1.0,5.0
1.0,5.0
1.0,5.0
1.0,5.0
0.02,5.0
0.02,5.0
0.02,5.0
0.02,5.0
0.02,5.0
0.02,5.0
0.02,5.0
0.02,5.0
0.02,5.0
1.98,5.0
1.98,5.0
1.98,5.0
1.98,5.0
1.98,5.0
1.98,5.0
1.98,5.0
1.98,5.0
1.98,5.0
1.0,5.0
1.0,5.0
1.0,5.0
1.0,5.0
1.0,5.0
1.0,5.0
1.0,5.0
1.0,5.0
1.0,5.0
0.02,5.0
0.02,5.0
0.02,5.0
0.02,5.0
0.02,5.0
0.02,5.0
0.02,5.0
0.02,5.0
0.02,5.0
1.98,5.0
1.98,5.0
1.98,5.0
1.98,5.0
1.98,5.0
1.98,5.0
1.98,5.0
1.98,5.0
1.98,5.0
1.0,5.0
1.0,5.0
1.0,5.0
1.0,5.0
1.0,5.0
1.0,5.0
1.0,5.0
1.0,5.0
1.0,5.0
0.02,5.0
0.02,5.0
0.02,5.0
0.02,5.0
0.02,5.0
0.02,5.0
0.02,5.0
0.02,5.0
0.02,5.0
1.98,2.07
1.98,2.05
1.98,3.35
1.98,2.07
1.98,1.11
1.98,3.35
1.98,2.07
1.98,2.43
1.98,3.35
1.0,1.43
1.0,1.43
1.0,3.35
1.0,1.11
1.0,1.11
1.0,3.35
1.0,2.39
1.0,2.43
1.0,3.35
0.02,3.03
0.02,2.39
0.02,3.35
0.02,3.03
0.02,1.11
0.02,3.35
0.02,3.03
0.02,2.43
0.02,3.35
1.98,2.07
1.98,2.05
1.98,3.35
1.98,2.07
1.98,1.11
1.98,3.35
1.98,2.07
1.98,2.43
1.98,3.35
1.0,1.43
1.0,1.43
1.0,3.35
1.0,1.11
1.0,1.11
1.0,3.35
1.0,2.39
1.0,2.43
1.0,3.35
0.02,3.03
0.02,2.39
0.02,3.35
0.02,3.03
0.02,1.11
0.02,3.35
0.02,3.03
0.02,2.43
0.02,3.35
1.98,2.07
1.98,2.05
1.98,3.35
1.98,2.07
1.98,1.11
1.98,3.35
1.98,2.07
1.98,2.43
1.98,3.35
1.0,1.43
1.0,1.43
1.0,3.35
1.0,1.11
1.0,1.11
1.0,3.35
1.0,2.39
1.0,2.43
1.0,3.35
0.02,3.03
0.02,2.39
0.02,3.35
0.02,3.03
0.02,1.11
0.02,3.35
0.02,3.03
0.02,2.43
0.02,3.35
0.0,2.03
0.0,2.36
0.0,3.35
0.0,2.03
0.0,2.36
0.0,3.35
0.0,2.03
0.0,2.36
0.0,3.35
0.0,2.25
0.0,2.36
0.0,3.35
0.0,2.25
0.0,2.36
0.0,3.35
0.0,2.25
0.0,2.36
0.0,3.35
0.0,2.97
0.0,2.36
0.0,3.35
0.0,2.97
0.0,2.36
0.0,3.35
0.0,2.97
0.0,2.36
0.0,3.35
0.0,2.03
0.0,2.36
0.0,3.35
0.0,2.03
0.0,2.36
0.0,3.35
0.0,2.03
0.0,2.36
0.0,3.35
0.0,2.25
0.0,2.36
0.0,3.35
0.0,2.25
0.0,2.36
0.0,3.35
0.0,2.25
0.0,2.36
0.0,3.35
0.0,2.97
0.0,2.36
0.0,3.35
0.0,2.97
0.0,2.36
0.0,3.35
0.0,2.97
0.0,2.36
0.0,3.35
0.0,2.03
0.0,2.36
0.0,3.35
0.0,2.03
0.0,2.36
0.0,3.35
0.0,2.03
0.0,2.36
0.0,3.35
0.0,2.25
0.0,2.36
0.0,3.35
0.0,2.25
0.0,2.36
0.0,3.35
0.0,2.25
0.0,2.36
0.0,3.35
0.0,2.97
0.0,2.36
0.0,3.35
0.0,2.97
0.0,2.36
0.0,3.35
0.0,2.97
0.0,2.36
0.0,3.35
0.0,5.0
0.0,5.0
0.0,5.0
0.0,5.0
0.0,5.0
0.0,5.0
0.0,5.0
0.0,5.0
0.0,5.0
0.0,5.0
0.0,5.0
0.0,5.0
0.0,5.0
0.0,5.0
0.0,5.0
0.0,5.0
0.0,5.0
0.0,5.0
0.0,5.0
0.0,5.0
0.0,5.0
0.0,5.0
0.0,5.0
0.0,5.0
0.0,5.0
0.0,5.0
0.0,5.0
0.0,5.0
0.0,5.0
0.0,5.0
0.0,5.0
0.0,5.0
0.0,5.0
0.0,5.0
0.0,5.0
0.0,5.0
0.0,5.0
0.0,5.0
0.0,5.0
0.0,5.0
0.0,5.0
0.0,5.0
0.0,5.0
0.0,5.0
0.0,5.0
0.0,5.0
0.0,5.0
0.0,5.0
0.0,5.0
0.0,5.0
0.0,5.0
0.0,5.0
0.0,5.0
0.0,5.0
0.0,5.0
0.0,5.0
0.0,5.0
0.0,5.0
0.0,5.0
0.0,5.0
0.0,5.0
0.0,5.0
0.0,5.0
0.0,5.0
0.0,5.0
0.0,5.0
0.0,5.0
0.0,5.0
0.0,5.0
0.0,5.0
0.0,5.0
0.0,5.0
0.0,5.0
0.0,5.0
0.0,5.0
0.0,5.0
0.0,5.0
0.0,5.0
0.0,5.0
0.0,5.0
0.0,5.0
0.0,2.07
0.0,3.0
0.0,3.35
0.0,2.07
0.0,3.0
0.0,3.35
0.0,2.07
0.0,3.0
0.0,3.35
0.0,2.87
0.0,3.0
0.0,3.35
0.0,2.87
0.0,3.0
0.0,3.35
0.0,2.87
0.0,3.0
0.0,3.35
0.0,3.03
0.0,3.0
0.0,3.35
0.0,3.03
0.0,3.0
0.0,3.35
0.0,3.03
0.0,3.0
0.0,3.35
0.0,2.07
0.0,3.0
0.0,3.35
0.0,2.07
0.0,3.0
0.0,3.35
0.0,2.07
0.0,3.0
0.0,3.35
0.0,2.87
0.0,3.0
0.0,3.35
0.0,2.87
0.0,3.0
0.0,3.35
0.0,2.87
0.0,3.0
0.0,3.35
0.0,3.03
0.0,3.0
0.0,3.35
0.0,3.03
0.0,3.0
0.0,3.35
0.0,3.03
0.0,3.0
0.0,3.35
0.0,2.07
0.0,3.0
0.0,3.35
0.0,2.07
0.0,3.0
0.0,3.35
0.0,2.07
0.0,3.0
0.0,3.35
0.0,2.87
0.0,3.0
0.0,3.35
0.0,2.87
0.0,3.0
0.0,3.35
0.0,2.87
0.0,3.0
0.0,3.35
0.0,3.03
0.0,3.0
0.0,3.35
0.0,3.03
0.0,3.0
0.0,3.35
0.0,3.03
0.0,3.0
0.0,3.35
0.0,2.03
0.0,2.47
0.0,3.35
0.0,2.03
0.0,2.47
0.0,3.35
0.0,2.03
0.0,2.47
0.0,3.35
0.0,2.37
0.0,2.47
0.0,3.35
0.0,2.37
0.0,2.47
0.0,3.35
0.0,2.37
0.0,2.47
0.0,3.35
0.0,2.97
0.0,2.47
0.0,3.35
0.0,2.97
0.0,2.47
0.0,3.35
0.0,2.97
0.0,2.47
0.0,3.35
0.0,2.03
0.0,2.47
0.0,3.35
0.0,2.03
0.0,2.47
0.0,3.35
0.0,2.03
0.0,2.47
0.0,3.35
0.0,2.37
0.0,2.47
0.0,3.35
0.0,2.37
0.0,2.47
0.0,3.35
0.0,2.37
0.0,2.47
0.0,3.35
0.0,2.97
0.0,2.47
0.0,3.35
0.0,2.97
0.0,2.47
0.0,3.35
0.0,2.97
0.0,2.47
0.0,3.35
0.0,2.03
0.0,2.47
0.0,3.35
0.0,2.03
0.0,2.47
0.0,3.35
0.0,2.03
0.0,2.47
0.0,3.35
0.0,2.37
0.0,2.47
0.0,3.35
0.0,2.37
0.0,2.47
0.0,3.35
0.0,2.37
0.0,2.47
0.0,3.35
0.0,2.97
0.0,2.47
0.0,3.35
0.0,2.97
0.0,2.47
0.0,3.35
0.0,2.97
0.0,2.47
0.0,3.35
0.0,5.0
0.0,5.0
0.0,5.0
0.0,5.0
0.0,5.0
0.0,5.0
0.0,5.0
0.0,5.0
0.0,5.0
0.0,5.0
0.0,5.0
0.0,5.0
0.0,5.0
0.0,5.0
0.0,5.0
0.0,5.0
0.0,5.0
0.0,5.0
0.0,5.0
0.0,5.0
0.0,5.0
0.0,5.0
0.0,5.0
0.0,5.0
0.0,5.0
0.0,5.0
0.0,5.0
0.0,5.0
0.0,5.0
0.0,5.0
0.0,5.0
0.0,5.0
0.0,5.0
0.0,5.0
0.0,5.0
0.0,5.0
0.0,5.0
0.0,5.0
0.0,5.0
0.0,5.0
0.0,5.0
0.0,5.0
0.0,5.0
0.0,5.0
0.0,5.0
0.0,5.0
0.0,5.0
0.0,5.0
0.0,5.0
0.0,5.0
0.0,5.0
0.0,5.0
0.0,5.0
0.0,5.0
0.0,5.0
0.0,5.0
0.0,5.0
0.0,5.0
0.0,5.0
0.0,5.0
0.0,5.0
0.0,5.0
0.0,5.0
0.0,5.0
0.0,5.0
0.0,5.0
0.0,5.0
0.0,5.0
0.0,5.0
0.0,5.0
0.0,5.0
0.0,5.0
0.0,5.0
0.0,5.0
0.0,5.0
0.0,5.0
0.0,5.0
0.0,5.0
0.0,5.0
0.0,5.0
0.0,5.0
0.0,2.07
0.0,2.55
0.0,3.35
0.0,2.07
0.0,2.55
0.0,3.35
0.0,2.07
0.0,2.55
0.0,3.35
0.0,2.45
0.0,2.55
0.0,3.35
0.0,2.45
0.0,2.55
0.0,3.35
0.0,2.45
0.0,2.55
0.0,3.35
0.0,3.03
0.0,2.55
0.0,3.35
0.0,3.03
0.0,2.55
0.0,3.35
0.0,3.03
0.0,2.55
0.0,3.35
0.0,2.07
0.0,2.55
0.0,3.35
0.0,2.07
0.0,2.55
0.0,3.35
0.0,2.07
0.0,2.55
0.0,3.35
0.0,2.45
0.0,2.55
0.0,3.35
0.0,2.45
0.0,2.55
0.0,3.35
0.0,2.45
0.0,2.55
0.0,3.35
0.0,3.03
0.0,2.55
0.0,3.35
0.0,3.03
0.0,2.55
0.0,3.35
0.0,3.03
0.0,2.55
0.0,3.35
0.0,2.07
0.0,2.55
0.0,3.35
0.0,2.07
0.0,2.55
0.0,3.35
0.0,2.07
0.0,2.55
0.0,3.35
0.0,2.45
0.0,2.55
0.0,3.35
0.0,2.45
0.0,2.55
0.0,3.35
0.0,2.45
0.0,2.55
0.0,3.35
0.0,3.03
0.0,2.55
0.0,3.35
0.0,3.03
0.0,2.55
0.0,3.35
0.0,3.03
0.0,2.55
0.0,3.35
1.98,2.03
1.98,2.01
1.98,2.1
1.98,2.03
1.98,1.05
1.98,1.16
1.98,2.03
1.98,3.69
1.98,3.75
1.0,1.37
1.0,1.37
1.0,1.48
1.0,1.05
1.0,1.05
1.0,1.16
1.0,3.69
1.0,3.69
1.0,3.75
0.02,3.4
0.02,3.34
0.02,3.43
0.02,1.16
0.02,1.05
0.02,1.16
0.02,3.69
0.02,3.69
0.02,3.75
1.98,2.03
1.98,2.01
1.98,4.0
1.98,2.03
1.98,1.05
1.98,4.0
1.98,2.03
1.98,3.15
1.98,4.0
1.0,1.37
1.0,1.37
1.0,4.0
1.0,1.05
1.0,1.05
1.0,4.0
1.0,2.97
1.0,3.15
1.0,4.0
0.02,3.61
0.02,2.97
0.02,4.0
0.02,3.61
0.02,1.05
0.02,4.0
0.02,3.61
0.02,3.15
0.02,4.0
1.98,2.03
1.98,2.01
1.98,4.31
1.98,2.03
1.98,1.05
1.98,4.31
1.98,2.03
1.98,4.25
1.98,4.31
1.0,1.37
1.0,1.37
1.0,4.31
1.0,1.05
1.0,1.05
1.0,4.31
1.0,4.22
1.0,4.25
1.0,4.31
0.02,4.25
0.02,4.22
0.02,4.31
0.02,4.25
0.02,1.05
0.02,4.31
0.02,4.25
0.02,4.25
0.02,4.31
1.98,5.0
1.98,5.0
1.98,5.0
1.98,5.0
1.98,5.0
1.98,5.0
1.98,5.0
1.98,5.0
1.98,5.0
1.0,5.0
1.0,5.0
1.0,5.0
1.0,5.0
1.0,5.0
1.0,5.0
1.0,5.0
1.0,5.0
1.0,5.0
0.02,5.0
0.02,5.0
0.02,5.0
0.02,5.0
0.02,5.0
0.02,5.0
0.02,5.0
0.02,5.0
0.02,5.0
1.98,5.0
1.98,5.0
1.98,5.0
1.98,5.0
1.98,5.0
1.98,5.0
1.98,5.0
1.98,5.0
1.98,5.0
1.0,5.0
1.0,5.0
1.0,5.0
1.0,5.0
1.0,5.0
1.0,5.0
1.0,5.0
1.0,5.0
1.0,5.0
0.02,5.0
0.02,5.0
0.02,5.0
0.02,5.0
0.02,5.0
0.02,5.0
0.02,5.0
0.02,5.0
0.02,5.0
1.98,5.0
1.98,5.0
1.98,5.0
1.98,5.0
1.98,5.0
1.98,5.0
1.98,5.0
1.98,5.0
1.98,5.0
1.0,5.0
1.0,5.0
1.0,5.0
1.0,5.0
1.0,5.0
1.0,5.0
1.0,5.0
1.0,5.0
1.0,5.0
0.02,5.0
0.02,5.0
0.02,5.0
0.02,5.0
0.02,5.0
0.02,5.0
0.02,5.0
0.02,5.0
0.02,5.0
1.98,2.1
1.98,2.1
1.98,2.1
1.98,1.14
1.98,1.14
1.98,1.14
1.98,3.78
1.98,3.78
1.98,3.78
1.0,1.46
1.0,1.46
1.0,1.46
1.0,1.14
1.0,1.14
1.0,1.14
1.0,3.78
1.0,3.78
1.0,3.78
0.02,3.43
0.02,3.43
0.02,3.43
0.02,1.14
0.02,1.14
0.02,1.14
0.02,3.78
0.02,3.78
0.02,3.78
1.98,4.5
1.98,4.5
1.98,4.5
1.98,4.5
1.98,4.5
1.98,4.5
1.98,4.5
1.98,4.5
1.98,4.5
1.0,4.5
1.0,4.5
1.0,4.5
1.0,4.5
1.0,4.5
1.0,4.5
1.0,4.5
1.0,4.5
1.0,4.5
0.02,4.5
0.02,4.5
0.02,4.5
0.02,4.5
0.02,4.5
0.02,4.5
0.02,4.5
0.02,4.5
0.02,4.5
1.98,4.34
1.98,4.34
1.98,4.34
1.98,4.34
1.98,4.34
1.98,4.34
1.98,4.34
1.98,4.34
1.98,4.34
1.0,4.34
1.0,4.34
1.0,4.34
1.0,4.34
1.0,4.34
1.0,4.34
1.0,4.34
1.0,4.34
1.0,4.34
0.02,4.34
0.02,4.34
0.02,4.34
0.02,4.34
0.02,4.34
0.02,4.34
0.02,4.34
0.02,4.34
0.02,4.34
0.0,2.03
0.0,2.36
0.0,2.1
0.0,2.03
0.0,2.36
0.0,3.15
0.0,2.03
0.0,2.36
0.0,3.75
0.0,2.25
0.0,2.36
0.0,3.03
0.0,2.25
0.0,2.36
0.0,3.15
0.0,2.25
0.0,2.36
0.0,3.75
0.0,3.4
0.0,2.36
0.0,3.43
0.0,2.97
0.0,2.36
0.0,3.15
0.0,3.69
0.0,2.36
0.0,3.75
0.0,2.03
0.0,2.36
0.0,4.0
0.0,2.03
0.0,2.36
0.0,4.0
0.0,2.03
0.0,2.36
0.0,4.0
0.0,2.25
0.0,2.36
0.0,4.0
0.0,2.25
0.0,2.36
0.0,4.0
0.0,2.25
0.0,2.36
0.0,4.0
0.0,3.61
0.0,2.36
0.0,4.0
0.0,3.61
0.0,2.36
0.0,4.0
0.0,3.61
0.0,2.36
0.0,4.0
0.0,2.03
0.0,2.36
0.0,4.31
0.0,2.03
0.0,2.36
0.0,4.31
0.0,2.03
0.0,2.36
0.0,4.31
0.0,2.25
0.0,2.36
0.0,4.31
0.0,2.25
0.0,2.36
0.0,4.31
0.0,2.25
0.0,2.36
0.0,4.31
0.0,4.25
0.0,2.36
0.0,4.31
0.0,4.25
0.0,2.36
0.0,4.31
0.0,4.25
0.0,2.36
0.0,4.31
0.0,5.0
0.0,5.0
0.0,5.0
0.0,5.0
0.0,5.0
0.0,5.0
0.0,5.0
0.0,5.0
0.0,5.0
0.0,5.0
0.0,5.0
0.0,5.0
0.0,5.0
0.0,5.0
0.0,5.0
0.0,5.0
0.0,5.0
0.0,5.0
0.0,5.0
0.0,5.0
0.0,5.0
0.0,5.0
0.0,5.0
0.0,5.0
0.0,5.0
0.0,5.0
0.0,5.0
0.0,5.0
0.0,5.0
0.0,5.0
0.0,5.0
0.0,5.0
0.0,5.0
0.0,5.0
0.0,5.0
0.0,5.0
0.0,5.0
0.0,5.0
0.0,5.0
0.0,5.0
0.0,5.0
0.0,5.0
0.0,5.0
0.0,5.0
0.0,5.0
0.0,5.0
0.0,5.0
0.0,5.0
0.0,5.0
0.0,5.0
0.0,5.0
0.0,5.0
0.0,5.0
0.0,5.0
0.0,5.0
0.0,5.0
0.0,5.0
0.0,5.0
0.0,5.0
0.0,5.0
0.0,5.0
0.0,5.0
0.0,5.0
0.0,5.0
0.0,5.0
0.0,5.0
0.0,5.0
0.0,5.0
0.0,5.0
0.0,5.0
0.0,5.0
0.0,5.0
0.0,5.0
0.0,5.0
0.0,5.0
0.0,5.0
0.0,5.0
0.0,5.0
0.0,5.0
0.0,5.0
0.0,5.0
0.0,2.1
0.0,2.1
0.0,2.1
0.0,3.38
0.0,3.38
0.0,3.38
0.0,3.78
0.0,3.78
0.0,3.78
0.0,3.13
0.0,3.13
0.0,3.13
0.0,3.38
0.0,3.38
0.0,3.38
0.0,3.78
0.0,3.78
0.0,3.78
0.0,3.43
0.0,3.43
0.0,3.43
0.0,3.38
0.0,3.38
0.0,3.38
0.0,3.78
0.0,3.78
0.0,3.78
0.0,4.5
0.0,4.5
0.0,4.5
0.0,4.5
0.0,4.5
0.0,4.5
0.0,4.5
0.0,4.5
0.0,4.5
0.0,4.5
0.0,4.5
0.0,4.5
0.0,4.5
0.0,4.5
0.0,4.5
0.0,4.5
0.0,4.5
0.0,4.5
0.0,4.5
0.0,4.5
0.0,4.5
0.0,4.5
0.0,4.5
0.0,4.5
0.0,4.5
0.0,4.5
0.0,4.5
0.0,4.34
0.0,4.34
0.0,4.34
0.0,4.34
0.0,4.34
0.0,4.34
0.0,4.34
0.0,4.34
0.0,4.34
0.0,4.34
0.0,4.34
0.0,4.34
0.0,4.34
0.0,4.34
0.0,4.34
0.0,4.34
0.0,4.34
0.0,4.34
0.0,4.34
0.0,4.34
0.0,4.34
0.0,4.34
0.0,4.34
0.0,4.34
0.0,4.34
0.0,4.34
0.0,4.34
0.0,2.03
0.0,2.08
0.0,2.1
0.0,2.03
0.0,3.0
0.0,3.05
0.0,2.03
0.0,3.67
0.0,3.75
0.0,2.81
0.0,2.79
0.0,2.87
0.0,2.94
0.0,3.0
0.0,3.05
0.0,3.69
0.0,3.67
0.0,3.75
0.0,3.4
0.0,3.38
0.0,3.43
0.0,3.02
0.0,3.0
0.0,3.05
0.0,3.69
0.0,3.67
0.0,3.75
0.0,2.03
0.0,3.27
0.0,4.0
0.0,2.03
0.0,3.27
0.0,4.0
0.0,2.03
0.0,3.27
0.0,4.0
0.0,3.15
0.0,3.27
0.0,4.0
0.0,3.15
0.0,3.27
0.0,4.0
0.0,3.15
0.0,3.27
0.0,4.0
0.0,3.61
0.0,3.27
0.0,4.0
0.0,3.61
0.0,3.27
0.0,4.0
0.0,3.61
0.0,3.27
0.0,4.0
0.0,2.03
0.0,4.23
0.0,4.31
0.0,2.03
0.0,4.23
0.0,4.31
0.0,2.03
0.0,4.23
0.0,4.31
0.0,4.25
0.0,4.23
0.0,4.31
0.0,4.25
0.0,4.23
0.0,4.31
0.0,4.25
0.0,4.23
0.0,4.31
0.0,4.25
0.0,4.23
0.0,4.31
0.0,4.25
0.0,4.23
0.0,4.31
0.0,4.25
0.0,4.23
0.0,4.31
0.0,5.0
0.0,5.0
0.0,5.0
0.0,5.0
0.0,5.0
0.0,5.0
0.0,5.0
0.0,5.0
0.0,5.0
0.0,5.0
0.0,5.0
0.0,5.0
0.0,5.0
0.0,5.0
0.0,5.0
0.0,5.0
0.0,5.0
0.0,5.0
0.0,5.0
0.0,5.0
0.0,5.0
0.0,5.0
0.0,5.0
0.0,5.0
0.0,5.0
0.0,5.0
0.0,5.0
0.0,5.0
0.0,5.0
0.0,5.0
0.0,5.0
0.0,5.0
0.0,5.0
0.0,5.0
0.0,5.0
0.0,5.0
0.0,5.0
0.0,5.0
0.0,5.0
0.0,5.0
0.0,5.0
0.0,5.0
0.0,5.0
0.0,5.0
0.0,5.0
0.0,5.0
0.0,5.0
0.0,5.0
0.0,5.0
0.0,5.0
0.0,5.0
0.0,5.0
0.0,5.0
0.0,5.0
0.0,5.0
0.0,5.0
0.0,5.0
0.0,5.0
0.0,5.0
0.0,5.0
0.0,5.0
0.0,5.0
0.0,5.0
0.0,5.0
0.0,5.0
0.0,5.0
0.0,5.0
0.0,5.0
0.0,5.0
0.0,5.0
0.0,5.0
0.0,5.0
0.0,5.0
0.0,5.0
0.0,5.0
0.0,5.0
0.0,5.0
0.0,5.0
0.0,5.0
0.0,5.0
0.0,5.0
0.0,2.1
0.0,2.1
0.0,2.1
0.0,3.05
0.0,3.05
0.0,3.05
0.0,3.78
0.0,3.78
0.0,3.78
0.0,2.9
0.0,2.9
0.0,2.9
0.0,3.05
0.0,3.05
0.0,3.05
0.0,3.78
0.0,3.78
0.0,3.78
0.0,3.43
0.0,3.43
0.0,3.43
0.0,3.05
0.0,3.05
0.0,3.05
0.0,3.78
0.0,3.78
0.0,3.78
0.0,4.5
0.0,4.5
0.0,4.5
0.0,4.5
0.0,4.5
0.0,4.5
0.0,4.5
0.0,4.5
0.0,4.5
0.0,4.5
0.0,4.5
0.0,4.5
0.0,4.5
0.0,4.5
0.0,4.5
0.0,4.5
0.0,4.5
0.0,4.5
0.0,4.5
0.0,4.5
0.0,4.5
0.0,4.5
0.0,4.5
0.0,4.5
0.0,4.5
0.0,4.5
0.0,4.5
0.0,4.34
0.0,4.34
0.0,4.34
0.0,4.34
0.0,4.34
0.0,4.34
0.0,4.34
0.0,4.34
0.0,4.34
0.0,4.34
0.0,4.34
0.0,4.34
0.0,4.34
0.0,4.34
0.0,4.34
0.0,4.34
0.0,4.34
0.0,4.34
0.0,4.34
0.0,4.34
0.0,4.34
0.0,4.34
0.0,4.34
0.0,4.34
0.0,4.34
0.0,4.34
0.0,4.34
1.98,2.03
1.98,2.01
1.98,7.83
1.98,2.03
1.98,1.05
1.98,7.83
1.98,2.03
1.98,7.69
1.98,7.83
1.0,1.37
1.0,1.37
1.0,7.83
1.0,1.05
1.0,1.05
1.0,7.83
1.0,7.63
1.0,7.69
1.0,7.83
0.02,7.77
0.02,7.63
0.02,7.83
0.02,7.77
0.02,1.05
0.02,7.83
0.02,7.77
0.02,7.69
0.02,7.83
1.98,2.03
1.98,2.01
1.98,7.83
1.98,2.03
1.98,1.05
1.98,7.83
1.98,2.03
1.98,7.69
1.98,7.83
1.0,1.37
1.0,1.37
1.0,7.83
1.0,1.05
1.0,1.05
1.0,7.83
1.0,7.63
1.0,7.69
1.0,7.83
0.02,7.77
0.02,7.63
0.02,7.83
0.02,7.77
0.02,1.05
0.02,7.83
0.02,7.77
0.02,7.69
0.02,7.83
1.98,2.03
1.98,2.01
1.98,7.83
1.98,2.03
1.98,1.05
1.98,7.83
1.98,2.03
1.98,7.69
1.98,7.83
1.0,1.37
1.0,1.37
1.0,7.83
1.0,1.05
1.0,1.05
1.0,7.83
1.0,7.63
1.0,7.69
1.0,7.83
0.02,7.77
0.02,7.63
0.02,7.83
0.02,7.77
0.02,1.05
0.02,7.83
0.02,7.77
0.02,7.69
0.02,7.83
1.98,5.0
1.98,5.0
1.98,5.0
1.98,5.0
1.98,5.0
1.98,5.0
1.98,5.0
1.98,5.0
1.98,5.0
1.0,5.0
1.0,5.0
1.0,5.0
1.0,5.0
1.0,5.0
1.0,5.0
1.0,5.0
1.0,5.0
1.0,5.0
0.02,5.0
0.02,5.0
0.02,5.0
0.02,5.0
0.02,5.0
0.02,5.0
0.02,5.0
0.02,5.0
0.02,5.0
1.98,5.0
1.98,5.0
1.98,5.0
1.98,5.0
1.98,5.0
1.98,5.0
1.98,5.0
1.98,5.0
1.98,5.0
1.0,5.0
1.0,5.0
1.0,5.0
1.0,5.0
1.0,5.0
1.0,5.0
1.0,5.0
1.0,5.0
1.0,5.0
0.02,5.0
0.02,5.0
0.02,5.0
0.02,5.0
0.02,5.0
0.02,5.0
0.02,5.0
0.02,5.0
0.02,5.0
1.98,5.0
1.98,5.0
1.98,5.0
1.98,5.0
1.98,5.0
1.98,5.0
1.98,5.0
1.98,5.0
1.98,5.0
1.0,5.0
1.0,5.0
1.0,5.0
1.0,5.0
1.0,5.0
1.0,5.0
1.0,5.0
1.0,5.0
1.0,5.0
0.02,5.0
0.02,5.0
0.02,5.0
0.02,5.0
0.02,5.0
0.02,5.0
0.02,5.0
0.02,5.0
0.02,5.0
1.98,7.89
1.98,7.89
1.98,7.89
1.98,7.89
1.98,7.89
1.98,7.89
1.98,7.89
1.98,7.89
1.98,7.89
1.0,7.89
1.0,7.89
1.0,7.89
1.0,7.89
1.0,7.89
1.0,7.89
1.0,7.89
1.0,7.89
1.0,7.89
0.02,7.89
0.02,7.89
0.02,7.89
0.02,7.89
0.02,7.89
0.02,7.89
0.02,7.89
0.02,7.89
0.02,7.89
1.98,7.89
1.98,7.89
1.98,7.89
1.98,7.89
1.98,7.89
1.98,7.89
1.98,7.89
1.98,7.89
1.98,7.89
1.0,7.89
1.0,7.89
1.0,7.89
1.0,7.89
1.0,7.89
1.0,7.89
1.0,7.89
1.0,7.89
1.0,7.89
0.02,7.89
0.02,7.89
0.02,7.89
0.02,7.89
0.02,7.89
0.02,7.89
0.02,7.89
0.02,7.89
0.02,7.89
1.98,7.89
1.98,7.89
1.98,7.89
1.98,7.89
1.98,7.89
1.98,7.89
1.98,7.89
1.98,7.89
1.98,7.89
1.0,7.89
1.0,7.89
1.0,7.89
1.0,7.89
1.0,7.89
1.0,7.89
1.0,7.89
1.0,7.89
1.0,7.89
0.02,7.89
0.02,7.89
0.02,7.89
0.02,7.89
0.02,7.89
0.02,7.89
0.02,7.89
0.02,7.89
0.02,7.89
0.0,2.03
0.0,2.36
0.0,7.83
0.0,2.03
0.0,2.36
0.0,7.83
0.0,2.03
0.0,2.36
0.0,7.83
0.0,2.25
0.0,2.36
0.0,7.83
0.0,2.25
0.0,2.36
0.0,7.83
0.0,2.25
0.0,2.36
0.0,7.83
0.0,7.77
0.0,2.36
0.0,7.83
0.0,7.77
0.0,2.36
0.0,7.83
0.0,7.77
0.0,2.36
0.0,7.83
0.0,2.03
0.0,2.36
0.0,7.83
0.0,2.03
0.0,2.36
0.0,7.83
0.0,2.03
0.0,2.36
0.0,7.83
0.0,2.25
0.0,2.36
0.0,7.83
0.0,2.25
0.0,2.36
0.0,7.83
0.0,2.25
0.0,2.36
0.0,7.83
0.0,7.77
0.0,2.36
0.0,7.83
0.0,7.77
0.0,2.36
0.0,7.83
0.0,7.77
0.0,2.36
0.0,7.83
0.0,2.03
0.0,2.36
0.0,7.83
0.0,2.03
0.0,2.36
0.0,7.83
0.0,2.03
0.0,2.36
0.0,7.83
0.0,2.25
0.0,2.36
0.0,7.83
0.0,2.25
0.0,2.36
0.0,7.83
0.0,2.25
0.0,2.36
0.0,7.83
0.0,7.77
0.0,2.36
0.0,7.83
0.0,7.77
0.0,2.36
0.0,7.83
0.0,7.77
0.0,2.36
0.0,7.83
0.0,5.0
0.0,5.0
0.0,5.0
0.0,5.0
0.0,5.0
0.0,5.0
0.0,5.0
0.0,5.0
0.0,5.0
0.0,5.0
0.0,5.0
0.0,5.0
0.0,5.0
0.0,5.0
0.0,5.0
0.0,5.0
0.0,5.0
0.0,5.0
0.0,5.0
0.0,5.0
0.0,5.0
0.0,5.0
0.0,5.0
0.0,5.0
0.0,5.0
0.0,5.0
0.0,5.0
0.0,5.0
0.0,5.0
0.0,5.0
0.0,5.0
0.0,5.0
0.0,5.0
0.0,5.0
0.0,5.0
0.0,5.0
0.0,5.0
0.0,5.0
0.0,5.0
0.0,5.0
0.0,5.0
0.0,5.0
0.0,5.0
0.0,5.0
0.0,5.0
0.0,5.0
0.0,5.0
0.0,5.0
0.0,5.0
0.0,5.0
0.0,5.0
0.0,5.0
0.0,5.0
0.0,5.0
0.0,5.0
0.0,5.0
0.0,5.0
0.0,5.0
0.0,5.0
0.0,5.0
0.0,5.0
0.0,5.0
0.0,5.0
0.0,5.0
0.0,5.0
0.0,5.0
0.0,5.0
0.0,5.0
0.0,5.0
0.0,5.0
0.0,5.0
0.0,5.0
0.0,5.0
0.0,5.0
0.0,5.0
0.0,5.0
0.0,5.0
0.0,5.0
0.0,5.0
0.0,5.0
0.0,5.0
0.0,7.89
0.0,7.89
0.0,7.89
0.0,7.89
0.0,7.89
0.0,7.89
0.0,7.89
0.0,7.89
0.0,7.89
0.0,7.89
0.0,7.89
0.0,7.89
0.0,7.89
0.0,7.89
0.0,7.89
0.0,7.89
0.0,7.89
0.0,7.89
0.0,7.89
0.0,7.89
0.0,7.89
0.0,7.89
0.0,7.89
0.0,7.89
0.0,7.89
0.0,7.89
0.0,7.89
0.0,7.89
0.0,7.89
0.0,7.89
0.0,7.89
0.0,7.89
0.0,7.89
0.0,7.89
0.0,7.89
0.0,7.89
0.0,7.89
0.0,7.89
0.0,7.89
0.0,7.89
0.0,7.89
0.0,7.89
0.0,7.89
0.0,7.89
0.0,7.89
0.0,7.89
0.0,7.89
0.0,7.89
0.0,7.89
0.0,7.89
0.0,7.89
0.0,7.89
0.0,7.89
0.0,7.89
0.0,7.89
0.0,7.89
0.0,7.89
0.0,7.89
0.0,7.89
0.0,7.89
0.0,7.89
0.0,7.89
0.0,7.89
0.0,7.89
0.0,7.89
0.0,7.89
0.0,7.89
0.0,7.89
0.0,7.89
0.0,7.89
0.0,7.89
0.0,7.89
0.0,7.89
0.0,7.89
0.0,7.89
0.0,7.89
0.0,7.89
0.0,7.89
0.0,7.89
0.0,7.89
0.0,7.89
0.0,2.03
0.0,7.75
0.0,7.83
0.0,2.03
0.0,7.75
0.0,7.83
0.0,2.03
0.0,7.75
0.0,7.83
0.0,7.69
0.0,7.75
0.0,7.83
0.0,7.69
0.0,7.75
0.0,7.83
0.0,7.69
0.0,7.75
0.0,7.83
0.0,7.77
0.0,7.75
0.0,7.83
0.0,7.77
0.0,7.75
0.0,7.83
0.0,7.77
0.0,7.75
0.0,7.83
0.0,2.03
0.0,7.75
0.0,7.83
0.0,2.03
0.0,7.75
0.0,7.83
0.0,2.03
0.0,7.75
0.0,7.83
0.0,7.69
0.0,7.75
0.0,7.83
0.0,7.69
0.0,7.75
0.0,7.83
0.0,7.69
0.0,7.75
0.0,7.83
0.0,7.77
0.0,7.75
0.0,7.83
0.0,7.77
0.0,7.75
0.0,7.83
0.0,7.77
0.0,7.75
0.0,7.83
0.0,2.03
0.0,7.75
0.0,7.83
0.0,2.03
0.0,7.75
0.0,7.83
0.0,2.03
0.0,7.75
0.0,7.83
0.0,7.69
0.0,7.75
0.0,7.83
0.0,7.69
0.0,7.75
0.0,7.83
0.0,7.69
0.0,7.75
0.0,7.83
0.0,7.77
0.0,7.75
0.0,7.83
0.0,7.77
0.0,7.75
0.0,7.83
0.0,7.77
0.0,7.75
0.0,7.83
0.0,5.0
0.0,5.0
0.0,5.0
0.0,5.0
0.0,5.0
0.0,5.0
0.0,5.0
0.0,5.0
0.0,5.0
0.0,5.0
0.0,5.0
0.0,5.0
0.0,5.0
0.0,5.0
0.0,5.0
0.0,5.0
0.0,5.0
0.0,5.0
0.0,5.0
0.0,5.0
0.0,5.0
0.0,5.0
0.0,5.0
0.0,5.0
0.0,5.0
0.0,5.0
0.0,5.0
0.0,5.0
0.0,5.0
0.0,5.0
0.0,5.0
0.0,5.0
0.0,5.0
0.0,5.0
0.0,5.0
0.0,5.0
0.0,5.0
0.0,5.0
0.0,5.0
0.0,5.0
0.0,5.0
0.0,5.0
0.0,5.0
0.0,5.0
0.0,5.0
0.0,5.0
0.0,5.0
0.0,5.0
0.0,5.0
0.0,5.0
0.0,5.0
0.0,5.0
0.0,5.0
0.0,5.0
0.0,5.0
0.0,5.0
0.0,5.0
0.0,5.0
0.0,5.0
0.0,5.0
0.0,5.0
0.0,5.0
0.0,5.0
0.0,5.0
0.0,5.0
0.0,5.0
0.0,5.0
0.0,5.0
0.0,5.0
0.0,5.0
0.0,5.0
0.0,5.0
0.0,5.0
0.0,5.0
0.0,5.0
0.0,5.0
0.0,5.0
0.0,5.0
0.0,5.0
0.0,5.0
0.0,5.0
0.0,7.89
0.0,7.89
0.0,7.89
0.0,7.89
0.0,7.89
0.0,7.89
0.0,7.89
0.0,7.89
0.0,7.89
0.0,7.89
0.0,7.89
0.0,7.89
0.0,7.89
0.0,7.89
0.0,7.89
0.0,7.89
0.0,7.89
0.0,7.89
0.0,7.89
0.0,7.89
0.0,7.89
0.0,7.89
0.0,7.89
0.0,7.89
0.0,7.89
0.0,7.89
0.0,7.89
0.0,7.89
0.0,7.89
0.0,7.89
0.0,7.89
0.0,7.89
0.0,7.89
0.0,7.89
0.0,7.89
0.0,7.89
0.0,7.89
0.0,7.89
0.0,7.89
0.0,7.89
0.0,7.89
0.0,7.89
0.0,7.89
0.0,7.89
0.0,7.89
0.0,7.89
0.0,7.89
0.0,7.89
0.0,7.89
0.0,7.89
0.0,7.89
0.0,7.89
0.0,7.89
0.0,7.89
0.0,7.89
0.0,7.89
0.0,7.89
0.0,7.89
0.0,7.89
0.0,7.89
0.0,7.89
0.0,7.89
0.0,7.89
0.0,7.89
0.0,7.89
0.0,7.89
0.0,7.89
0.0,7.89
0.0,7.89
0.0,7.89
0.0,7.89
0.0,7.89
0.0,7.89
0.0,7.89
0.0,7.89
0.0,7.89
0.0,7.89
0.0,7.89
0.0,7.89
0.0,7.89
0.0,7.89
1.98,1.98
1.98,1.96
1.98,1.0
1.98,1.98
1.98,1.0
1.98,1.0
1.98,1.98
1.98,1.0
1.98,1.0
1.0,1.32
1.0,1.32
1.0,1.0
1.0,1.0
1.0,1.0
1.0,1.0
1.0,1.2
1.0,1.0
1.0,1.0
1.0,1.32
1.0,1.2
1.0,1.0
1.0,1.32
1.0,1.0
1.0,1.0
1.0,1.32
1.0,1.0
1.0,1.0
1.98,1.98
1.98,1.96
1.98,1.0
1.98,1.98
1.98,1.0
1.98,1.0
1.98,1.98
1.98,1.0
1.98,1.0
1.0,1.32
1.0,1.32
1.0,1.0
1.0,1.0
1.0,1.0
1.0,1.0
1.0,1.2
1.0,1.0
1.0,1.0
1.0,1.32
1.0,1.2
1.0,1.0
1.0,1.32
1.0,1.0
1.0,1.0
1.0,1.32
1.0,1.0
1.0,1.0
1.98,1.98
1.98,1.96
1.98,1.0
1.98,1.98
1.98,1.0
1.98,1.0
1.98,1.98
1.98,1.0
1.98,1.0
1.0,1.32
1.0,1.32
1.0,1.0
1.0,1.0
1.0,1.0
1.0,1.0
1.0,1.2
1.0,1.0
1.0,1.0
1.0,1.32
1.0,1.2
1.0,1.0
1.0,1.32
1.0,1.0
1.0,1.0
1.0,1.32
1.0,1.0
1.0,1.0
1.98,1.98
1.98,1.96
1.98,1.0
1.98,1.98
1.98,1.0
1.98,1.0
1.98,1.98
1.98,1.0
1.98,1.0
1.0,1.32
1.0,1.32
1.0,1.0
1.0,1.0
1.0,1.0
1.0,1.0
1.0,1.2
1.0,1.0
1.0,1.0
1.0,1.32
1.0,1.2
1.0,1.0
1.0,1.32
1.0,1.0
1.0,1.0
1.0,1.32
1.0,1.0
1.0,1.0
1.98,1.98
1.98,1.96
1.98,1.0
1.98,1.98
1.98,1.0
1.98,1.0
1.98,1.98
1.98,1.0
1.98,1.0
1.0,1.32
1.0,1.32
1.0,1.0
1.0,1.0
1.0,1.0
1.0,1.0
1.0,1.2
1.0,1.0
1.0,1.0
1.0,1.32
1.0,1.2
1.0,1.0
1.0,1.32
1.0,1.0
1.0,1.0
1.0,1.32
1.0,1.0
1.0,1.0
1.98,1.98
1.98,1.96
1.98,1.0
1.98,1.98
1.98,1.0
1.98,1.0
1.98,1.98
1.98,1.0
1.98,1.0
1.0,1.32
1.0,1.32
1.0,1.0
1.0,1.0
1.0,1.0
1.0,1.0
1.0,1.2
1.0,1.0
1.0,1.0
1.0,1.32
1.0,1.2
1.0,1.0
1.0,1.32
1.0,1.0
1.0,1.0
1.0,1.32
1.0,1.0
1.0,1.0
1.98,1.98
1.98,1.96
1.98,1.0
1.98,1.98
1.98,1.0
1.98,1.0
1.98,1.98
1.98,1.0
1.98,1.0
1.0,1.32
1.0,1.32
1.0,1.0
1.0,1.0
1.0,1.0
1.0,1.0
1.0,1.2
1.0,1.0
1.0,1.0
1.0,1.32
1.0,1.2
1.0,1.0
1.0,1.32
1.0,1.0
1.0,1.0
1.0,1.32
1.0,1.0
1.0,1.0
1.98,1.98
1.98,1.96
1.98,1.0
1.98,1.98
1.98,1.0
1.98,1.0
1.98,1.98
1.98,1.0
1.98,1.0
1.0,1.32
1.0,1.32
1.0,1.0
1.0,1.0
1.0,1.0
1.0,1.0
1.0,1.2
1.0,1.0
1.0,1.0
1.0,1.32
1.0,1.2
1.0,1.0
1.0,1.32
1.0,1.0
1.0,1.0
1.0,1.32
1.0,1.0
1.0,1.0
1.98,1.98
1.98,1.96
1.98,1.0
1.98,1.98
1.98,1.0
1.98,1.0
1.98,1.98
1.98,1.0
1.98,1.0
1.0,1.32
1.0,1.32
1.0,1.0
1.0,1.0
1.0,1.0
1.0,1.0
1.0,1.2
1.0,1.0
1.0,1.0
1.0,1.32
1.0,1.2
1.0,1.0
1.0,1.32
1.0,1.0
1.0,1.0
1.0,1.32
1.0,1.0
1.0,1.0
1.98,1.98
1.98,2.31
1.98,1.0
1.98,1.98
1.98,2.31
1.98,1.0
1.98,1.98
1.98,2.31
1.98,1.0
0.02,2.2
0.02,2.31
0.02,1.0
0.02,2.2
0.02,2.31
0.02,1.0
0.02,2.2
0.02,2.31
0.02,1.0
1.0,1.32
1.0,2.31
1.0,1.0
1.0,1.32
1.0,2.31
1.0,1.0
1.0,1.32
1.0,2.31
1.0,1.0
1.98,1.98
1.98,2.31
1.98,1.0
1.98,1.98
1.98,2.31
1.98,1.0
1.98,1.98
1.98,2.31
1.98,1.0
0.02,2.2
0.02,2.31
0.02,1.0
0.02,2.2
0.02,2.31
0.02,1.0
0.02,2.2
0.02,2.31
0.02,1.0
1.0,1.32
1.0,2.31
1.0,1.0
1.0,1.32
1.0,2.31
1.0,1.0
1.0,1.32
1.0,2.31
1.0,1.0
1.98,1.98
1.98,2.31
1.98,1.0
1.98,1.98
1.98,2.31
1.98,1.0
1.98,1.98
1.98,2.31
1.98,1.0
0.02,2.2
0.02,2.31
0.02,1.0
0.02,2.2
0.02,2.31
0.02,1.0
0.02,2.2
0.02,2.31
0.02,1.0
1.0,1.32
1.0,2.31
1.0,1.0
1.0,1.32
1.0,2.31
1.0,1.0
1.0,1.32
1.0,2.31
1.0,1.0
1.98,1.98
1.98,4.87
1.98,1.0
1.98,1.98
1.98,4.87
1.98,1.0
1.98,1.98
1.98,4.87
1.98,1.0
0.02,4.84
0.02,4.87
0.02,1.0
0.02,4.84
0.02,4.87
0.02,1.0
0.02,4.84
0.02,4.87
0.02,1.0
1.0,1.32
1.0,4.87
1.0,1.0
1.0,1.32
1.0,4.87
1.0,1.0
1.0,1.32
1.0,4.87
1.0,1.0
1.98,1.98
1.98,4.87
1.98,1.0
1.98,1.98
1.98,4.87
1.98,1.0
1.98,1.98
1.98,4.87
1.98,1.0
0.02,4.84
0.02,4.87
0.02,1.0
0.02,4.84
0.02,4.87
0.02,1.0
0.02,4.84
0.02,4.87
0.02,1.0
1.0,1.32
1.0,4.87
1.0,1.0
1.0,1.32
1.0,4.87
1.0,1.0
1.0,1.32
1.0,4.87
1.0,1.0
1.98,1.98
1.98,4.87
1.98,1.0
1.98,1.98
1.98,4.87
1.98,1.0
1.98,1.98
1.98,4.87
1.98,1.0
0.02,4.84
0.02,4.87
0.02,1.0
0.02,4.84
0.02,4.87
0.02,1.0
0.02,4.84
0.02,4.87
0.02,1.0
1.0,1.32
1.0,4.87
1.0,1.0
1.0,1.32
1.0,4.87
1.0,1.0
1.0,1.32
1.0,4.87
1.0,1.0
1.98,1.98
1.98,1.75
1.98,1.0
1.98,1.98
1.98,1.75
1.98,1.0
1.98,1.98
1.98,1.75
1.98,1.0
0.02,1.8
0.02,1.75
0.02,1.0
0.02,1.8
0.02,1.75
0.02,1.0
0.02,1.8
0.02,1.75
0.02,1.0
1.0,1.32
1.0,1.75
1.0,1.0
1.0,1.32
1.0,1.75
1.0,1.0
1.0,1.32
1.0,1.75
1.0,1.0
1.98,1.98
1.98,1.75
1.98,1.0
1.98,1.98
1.98,1.75
1.98,1.0
1.98,1.98
1.98,1.75
1.98,1.0
0.02,1.8
0.02,1.75
0.02,1.0
0.02,1.8
0.02,1.75
0.02,1.0
0.02,1.8
0.02,1.75
0.02,1.0
1.0,1.32
1.0,1.75
1.0,1.0
1.0,1.32
1.0,1.75
1.0,1.0
1.0,1.32
1.0,1.75
1.0,1.0
1.98,1.98
1.98,1.75
1.98,1.0
1.98,1.98
1.98,1.75
1.98,1.0
1.98,1.98
1.98,1.75
1.98,1.0
0.02,1.8
0.02,1.75
0.02,1.0
0.02,1.8
0.02,1.75
0.02,1.0
0.02,1.8
0.02,1.75
0.02,1.0
1.0,1.32
1.0,1.75
1.0,1.0
1.0,1.32
1.0,1.75
1.0,1.0
1.0,1.32
1.0,1.75
1.0,1.0
1.98,1.98
1.98,0.66
1.98,1.0
1.98,1.98
1.98,0.66
1.98,1.0
1.98,1.98
1.98,0.66
1.98,1.0
0.66,1.0
0.66,0.66
0.66,1.0
0.66,1.0
0.66,0.66
0.66,1.0
0.66,1.0
0.66,0.66
0.66,1.0
1.0,1.32
1.0,0.66
1.0,1.0
1.0,1.32
1.0,0.66
1.0,1.0
1.0,1.32
1.0,0.66
1.0,1.0
1.98,1.98
1.98,0.66
1.98,1.0
1.98,1.98
1.98,0.66
1.98,1.0
1.98,1.98
1.98,0.66
1.98,1.0
0.66,1.0
0.66,0.66
0.66,1.0
0.66,1.0
0.66,0.66
0.66,1.0
0.66,1.0
0.66,0.66
0.66,1.0
1.0,1.32
1.0,0.66
1.0,1.0
1.0,1.32
1.0,0.66
1.0,1.0
1.0,1.32
1.0,0.66
1.0,1.0
1.98,1.98
1.98,0.66
1.98,1.0
1.98,1.98
1.98,0.66
1.98,1.0
1.98,1.98
1.98,0.66
1.98,1.0
0.66,1.0
0.66,0.66
0.66,1.0
0.66,1.0
0.66,0.66
0.66,1.0
0.66,1.0
0.66,0.66
0.66,1.0
1.0,1.32
1.0,0.66
1.0,1.0
1.0,1.32
1.0,0.66
1.0,1.0
1.0,1.32
1.0,0.66
1.0,1.0
1.98,1.98
1.98,0.66
1.98,1.0
1.98,1.98
1.98,0.66
1.98,1.0
1.98,1.98
1.98,0.66
1.98,1.0
0.66,1.0
0.66,0.66
0.66,1.0
0.66,1.0
0.66,0.66
0.66,1.0
0.66,1.0
0.66,0.66
0.66,1.0
1.0,1.32
1.0,0.66
1.0,1.0
1.0,1.32
1.0,0.66
1.0,1.0
1.0,1.32
1.0,0.66
1.0,1.0
1.98,1.98
1.98,0.66
1.98,1.0
1.98,1.98
1.98,0.66
1.98,1.0
1.98,1.98
1.98,0.66
1.98,1.0
0.66,1.0
0.66,0.66
0.66,1.0
0.66,1.0
0.66,0.66
0.66,1.0
0.66,1.0
0.66,0.66
0.66,1.0
1.0,1.32
1.0,0.66
1.0,1.0
1.0,1.32
1.0,0.66
1.0,1.0
1.0,1.32
1.0,0.66
1.0,1.0
1.98,1.98
1.98,0.66
1.98,1.0
1.98,1.98
1.98,0.66
1.98,1.0
1.98,1.98
1.98,0.66
1.98,1.0
0.66,1.0
0.66,0.66
0.66,1.0
0.66,1.0
0.66,0.66
