1594
1597
1600
1837
1840
1843
2080
2083
2086
3781
3784
3787
4024
4027
4030
4267
4270
4273
5968
5971
5974
6211
6214
6217
6454
6457
6460
8102
8105
8108
8129
8132
8135
8155
8156
8158
8159
8161
8162
8345
8348
8351
8372
8375
8378
8398
8399
8401
8402
8404
8405
8588
8591
8594
8615
8618
8621
8641
8642
8644
8645
8647
8648
10289
10292
10313
10316
10319
10340
10342
10343
10345
10346
10348
10367
10532
10535
10556
10559
10562
10583
10585
10586
10588
10589
10591
10610
10775
10778
10799
10802
10805
10826
10828
10829
10831
10832
10834
10853
12476
12479
12500
12503
12506
12527
12529
12530
12532
12533
12535
12554
12719
12722
12743
12746
12749
12770
12772
12773
12775
12776
12778
12797
12962
12965
12986
12989
12992
13013
13015
13016
13018
13019
13021
13040
14716
14719
14722
14959
14962
14965
15202
15205
15208
16903
16906
16909
17146
17149
17152
17389
17392
17395
19090
19093
19096
19333
19336
19339
19576
19579
19582
21224
21227
21248
21276
21277
21278
21279
21280
21281
21282
21283
21302
21710
21713
21734
21762
21763
21764
21765
21766
21767
21768
21769
21788
23411
23414
23435
23463
23464
23465
23466
23467
23468
23469
23470
23489
23897
23900
23921
23949
23950
23951
23952
23953
23954
23955
23956
23975
25598
25601
25622
25650
25651
25652
25653
25654
25655
25656
25657
25676
26084
26087
26108
26136
26137
26138
26139
26140
26141
26142
26143
26162
27785
27788
27809
27837
27838
27839
27840
27841
27842
27843
27844
27863
29972
29975
29996
30024
30025
30026
30027
30028
30029
30030
30031
30050
32159
32162
32183
32211
32212
32213
32214
32215
32216
32217
32218
32237
34346
34349
34370
34398
34399
34400
34401
34402
34403
34404
34405
34424
36533
36536
36557
36585
36586
36587
36588
36589
36590
36591
36592
36611
38720
38723
38744
38772
38773
38774
38775
38776
38777
38778
38779
38798
40906
40909
40912
40933
40936
40939
40960
40963
40966
41149
41152
41155
41176
41179
41182
41203
41206
41209
41392
41395
41398
41419
41422
41425
41446
41449
41452
43093
43096
43099
43120
43123
43126
43147
43150
43153
43336
43339
43342
43363
43366
43369
43390
43393
43396
43579
43582
43585
43606
43609
43612
43633
43636
43639
45280
45283
45286
45307
45310
45313
45334
45337
45340
45523
45526
45529
45550
45553
45556
45577
45580
45583
45766
45769
45772
45793
45796
45799
45820
45823
45826
47466
47467
47468
47469
47470
47471
47472
47473
47492
47493
47494
47495
47496
47497
47498
47499
47500
47519
47520
47521
47522
47523
47524
47525
47526
47527
47546
49653
49654
49655
49656
49657
49658
49659
49660
49679
49680
49681
49682
49683
49684
49685
49686
49687
49706
49707
49708
49709
49710
49711
49712
49713
49714
49733
51840
51841
51842
51843
51844
51845
51846
51847
51866
51867
51868
51869
51870
51871
51872
51873
51874
51893
51894
51895
51896
51897
51898
51899
51900
51901
51920
